1000.000000	5102.000000
2000.000000	5163.000000
3000.000000	5302.000000
4000.000000	5168.000000
5000.000000	5111.000000
6000.000000	5199.000000
7000.000000	5324.000000
8000.000000	5313.000000
9000.000000	5277.000000
10000.000000	5195.000000
11000.000000	5204.000000
12000.000000	5324.000000
13000.000000	5233.000000
14000.000000	5259.000000
15000.000000	5182.000000
16000.000000	5324.000000
17000.000000	5266.000000
18000.000000	5508.000000
19000.000000	5270.000000
20000.000000	5292.000000
21000.000000	5441.000000
22000.000000	5233.000000
23000.000000	5324.000000
24000.000000	4823.000000
25000.000000	4688.000000
26000.000000	4495.000000
27000.000000	4190.000000
28000.000000	3861.000000
29000.000000	3394.000000
30000.000000	2515.000000
31000.000000	1600.000000
32000.000000	344.000000
33000.000000	3.000000
34000.000000	6.000000
35000.000000	11.000000
36000.000000	5.000000
37000.000000	96.000000
38000.000000	590.000000
39000.000000	849.000000
40000.000000	996.000000
41000.000000	1164.000000
42000.000000	1220.000000
43000.000000	1348.000000
44000.000000	1413.000000
45000.000000	1377.000000
46000.000000	1412.000000
47000.000000	1387.000000
48000.000000	1331.000000
49000.000000	1337.000000
50000.000000	1409.000000
51000.000000	1330.000000
52000.000000	1396.000000
53000.000000	1317.000000
54000.000000	1399.000000
55000.000000	1409.000000
56000.000000	1371.000000
57000.000000	1413.000000
58000.000000	1320.000000
59000.000000	1311.000000
60000.000000	1347.000000
61000.000000	1431.000000
62000.000000	1287.000000
63000.000000	1405.000000
64000.000000	1376.000000
65000.000000	1367.000000
66000.000000	1428.000000
67000.000000	1345.000000
68000.000000	1441.000000
69000.000000	1415.000000
70000.000000	1399.000000
71000.000000	1337.000000
72000.000000	1444.000000
73000.000000	1344.000000
74000.000000	1367.000000
75000.000000	1433.000000
76000.000000	1391.000000
77000.000000	1276.000000
78000.000000	1320.000000
79000.000000	1388.000000
80000.000000	1437.000000
81000.000000	1299.000000
82000.000000	1332.000000
83000.000000	1427.000000
84000.000000	1390.000000
85000.000000	1371.000000
86000.000000	1418.000000
87000.000000	1380.000000
88000.000000	1443.000000
89000.000000	1422.000000
90000.000000	1326.000000
91000.000000	1390.000000
92000.000000	1363.000000
93000.000000	1435.000000
94000.000000	1461.000000
95000.000000	1414.000000
96000.000000	1425.000000
97000.000000	1392.000000
98000.000000	1362.000000
99000.000000	1442.000000
100000.000000	1335.000000
101000.000000	1439.000000
102000.000000	1378.000000
103000.000000	1474.000000
104000.000000	1378.000000
105000.000000	1400.000000
106000.000000	1406.000000
107000.000000	1346.000000
108000.000000	1402.000000
109000.000000	1324.000000
110000.000000	1397.000000
111000.000000	1352.000000
112000.000000	1280.000000
113000.000000	1455.000000
114000.000000	1327.000000
115000.000000	1353.000000
116000.000000	1413.000000
117000.000000	1458.000000
118000.000000	1420.000000
119000.000000	1471.000000
120000.000000	1354.000000
121000.000000	1352.000000
122000.000000	1332.000000
123000.000000	1407.000000
124000.000000	1426.000000
125000.000000	1310.000000
126000.000000	1359.000000
127000.000000	1419.000000
128000.000000	1375.000000
129000.000000	1368.000000
130000.000000	1392.000000
131000.000000	1420.000000
132000.000000	1423.000000
133000.000000	1421.000000
134000.000000	1368.000000
135000.000000	1385.000000
136000.000000	1398.000000
137000.000000	1428.000000
138000.000000	1417.000000
139000.000000	1381.000000
140000.000000	1377.000000
141000.000000	1351.000000
142000.000000	1445.000000
143000.000000	1438.000000
144000.000000	1362.000000
145000.000000	1383.000000
146000.000000	1363.000000
147000.000000	1407.000000
148000.000000	1477.000000
149000.000000	1377.000000
150000.000000	1429.000000
151000.000000	1329.000000
152000.000000	1380.000000
153000.000000	1388.000000
154000.000000	1412.000000
155000.000000	1373.000000
156000.000000	1347.000000
157000.000000	1489.000000
158000.000000	1464.000000
159000.000000	1440.000000
160000.000000	1419.000000
161000.000000	1435.000000
162000.000000	1299.000000
163000.000000	1393.000000
164000.000000	1428.000000
165000.000000	1425.000000
166000.000000	1373.000000
167000.000000	1381.000000
168000.000000	1458.000000
169000.000000	1430.000000
170000.000000	1449.000000
171000.000000	1329.000000
172000.000000	1382.000000
173000.000000	1355.000000
174000.000000	1489.000000
175000.000000	1407.000000
176000.000000	1454.000000
177000.000000	1389.000000
178000.000000	1328.000000
179000.000000	1332.000000
180000.000000	1388.000000
181000.000000	1406.000000
182000.000000	1358.000000
183000.000000	1317.000000
184000.000000	1367.000000
185000.000000	1346.000000
186000.000000	1411.000000
187000.000000	1404.000000
188000.000000	1379.000000
189000.000000	1360.000000
190000.000000	1345.000000
191000.000000	1351.000000
192000.000000	1325.000000
193000.000000	1383.000000
194000.000000	1356.000000
195000.000000	1389.000000
196000.000000	1454.000000
197000.000000	1292.000000
198000.000000	1342.000000
199000.000000	1278.000000
200000.000000	1333.000000
201000.000000	1315.000000
202000.000000	1394.000000
203000.000000	1336.000000
204000.000000	1300.000000
205000.000000	1400.000000
206000.000000	1381.000000
207000.000000	1380.000000
208000.000000	1291.000000
209000.000000	1431.000000
210000.000000	1421.000000
211000.000000	1494.000000
212000.000000	1361.000000
213000.000000	1312.000000
214000.000000	1467.000000
215000.000000	1429.000000
216000.000000	1410.000000
