1000.000000	1423.000000
2000.000000	1468.000000
3000.000000	1430.000000
4000.000000	1352.000000
5000.000000	1493.000000
6000.000000	1454.000000
7000.000000	1484.000000
8000.000000	1470.000000
9000.000000	1391.000000
10000.000000	1387.000000
11000.000000	1392.000000
12000.000000	1432.000000
13000.000000	1410.000000
14000.000000	1399.000000
15000.000000	1509.000000
16000.000000	1368.000000
17000.000000	1361.000000
18000.000000	1370.000000
19000.000000	1559.000000
20000.000000	1452.000000
21000.000000	1388.000000
22000.000000	1476.000000
23000.000000	1446.000000
24000.000000	1459.000000
25000.000000	1406.000000
26000.000000	1438.000000
27000.000000	1436.000000
28000.000000	1475.000000
29000.000000	1361.000000
30000.000000	1409.000000
31000.000000	1379.000000
32000.000000	1413.000000
33000.000000	1431.000000
34000.000000	1425.000000
35000.000000	1445.000000
36000.000000	1520.000000
37000.000000	1394.000000
38000.000000	1453.000000
39000.000000	1434.000000
40000.000000	1450.000000
41000.000000	1416.000000
42000.000000	1436.000000
43000.000000	1391.000000
44000.000000	1454.000000
45000.000000	1376.000000
46000.000000	1360.000000
47000.000000	1446.000000
48000.000000	1499.000000
49000.000000	1414.000000
50000.000000	1451.000000
51000.000000	1421.000000
52000.000000	1500.000000
53000.000000	1503.000000
54000.000000	1352.000000
55000.000000	1435.000000
56000.000000	1394.000000
57000.000000	1404.000000
58000.000000	1346.000000
59000.000000	1448.000000
60000.000000	1471.000000
61000.000000	1398.000000
62000.000000	1397.000000
63000.000000	1488.000000
64000.000000	1582.000000
65000.000000	1508.000000
66000.000000	1494.000000
67000.000000	1425.000000
68000.000000	1429.000000
69000.000000	1335.000000
70000.000000	1488.000000
71000.000000	1402.000000
72000.000000	1428.000000
73000.000000	1492.000000
74000.000000	1473.000000
75000.000000	1315.000000
76000.000000	1423.000000
77000.000000	1420.000000
78000.000000	1357.000000
79000.000000	1337.000000
80000.000000	1465.000000
81000.000000	1388.000000
82000.000000	823.000000
83000.000000	242.000000
84000.000000	187.000000
85000.000000	217.000000
86000.000000	166.000000
87000.000000	108.000000
88000.000000	92.000000
89000.000000	40.000000
90000.000000	35.000000
91000.000000	26.000000
92000.000000	24.000000
93000.000000	20.000000
94000.000000	16.000000
95000.000000	13.000000
96000.000000	6.000000
97000.000000	5.000000
98000.000000	13.000000
99000.000000	7.000000
100000.000000	6.000000
101000.000000	10.000000
102000.000000	3.000000
103000.000000	6.000000
104000.000000	7.000000
105000.000000	4.000000
106000.000000	8.000000
107000.000000	3.000000
108000.000000	57.000000
109000.000000	475.000000
110000.000000	1023.000000
111000.000000	1156.000000
112000.000000	1258.000000
113000.000000	806.000000
114000.000000	268.000000
115000.000000	83.000000
116000.000000	39.000000
117000.000000	11.000000
118000.000000	7.000000
119000.000000	9.000000
120000.000000	11.000000
121000.000000	2.000000
122000.000000	8.000000
123000.000000	4.000000
124000.000000	8.000000
125000.000000	4.000000
126000.000000	7.000000
127000.000000	2.000000
128000.000000	2.000000
129000.000000	5.000000
130000.000000	29.000000
131000.000000	119.000000
132000.000000	60.000000
133000.000000	23.000000
134000.000000	12.000000
135000.000000	13.000000
136000.000000	9.000000
137000.000000	8.000000
138000.000000	5.000000
139000.000000	3.000000
140000.000000	6.000000
141000.000000	6.000000
142000.000000	6.000000
143000.000000	8.000000
144000.000000	10.000000
145000.000000	14.000000
146000.000000	7.000000
147000.000000	17.000000
148000.000000	307.000000
149000.000000	622.000000
150000.000000	333.000000
151000.000000	56.000000
152000.000000	20.000000
153000.000000	12.000000
154000.000000	3.000000
155000.000000	5.000000
156000.000000	7.000000
157000.000000	6.000000
158000.000000	4.000000
159000.000000	17.000000
160000.000000	5.000000
161000.000000	12.000000
162000.000000	4.000000
163000.000000	5.000000
164000.000000	6.000000
165000.000000	7.000000
166000.000000	11.000000
167000.000000	5.000000
168000.000000	1.000000
169000.000000	3.000000
170000.000000	4.000000
171000.000000	3.000000
172000.000000	8.000000
173000.000000	7.000000
174000.000000	21.000000
175000.000000	26.000000
176000.000000	146.000000
177000.000000	586.000000
178000.000000	711.000000
179000.000000	662.000000
180000.000000	686.000000
181000.000000	655.000000
182000.000000	473.000000
183000.000000	499.000000
184000.000000	501.000000
185000.000000	454.000000
186000.000000	393.000000
187000.000000	448.000000
188000.000000	352.000000
189000.000000	366.000000
190000.000000	330.000000
191000.000000	341.000000
192000.000000	235.000000
193000.000000	161.000000
194000.000000	194.000000
195000.000000	227.000000
196000.000000	270.000000
197000.000000	260.000000
198000.000000	270.000000
199000.000000	322.000000
200000.000000	380.000000
201000.000000	414.000000
202000.000000	394.000000
203000.000000	395.000000
204000.000000	415.000000
205000.000000	409.000000
206000.000000	488.000000
207000.000000	344.000000
208000.000000	431.000000
209000.000000	474.000000
210000.000000	460.000000
211000.000000	507.000000
212000.000000	520.000000
213000.000000	488.000000
214000.000000	462.000000
215000.000000	480.000000
216000.000000	450.000000
217000.000000	499.000000
218000.000000	542.000000
219000.000000	506.000000
220000.000000	546.000000
221000.000000	535.000000
222000.000000	508.000000
223000.000000	500.000000
224000.000000	582.000000
225000.000000	579.000000
226000.000000	595.000000
227000.000000	630.000000
228000.000000	587.000000
229000.000000	599.000000
230000.000000	573.000000
231000.000000	648.000000
232000.000000	610.000000
233000.000000	608.000000
234000.000000	640.000000
235000.000000	640.000000
236000.000000	604.000000
237000.000000	663.000000
238000.000000	588.000000
239000.000000	619.000000
240000.000000	660.000000
241000.000000	604.000000
242000.000000	651.000000
243000.000000	623.000000
244000.000000	717.000000
245000.000000	653.000000
246000.000000	627.000000
247000.000000	642.000000
248000.000000	698.000000
249000.000000	704.000000
250000.000000	716.000000
251000.000000	687.000000
252000.000000	615.000000
253000.000000	688.000000
254000.000000	643.000000
255000.000000	623.000000
256000.000000	612.000000
257000.000000	650.000000
258000.000000	617.000000
259000.000000	667.000000
260000.000000	670.000000
261000.000000	702.000000
262000.000000	674.000000
263000.000000	662.000000
264000.000000	658.000000
265000.000000	629.000000
266000.000000	668.000000
267000.000000	704.000000
268000.000000	669.000000
269000.000000	680.000000
270000.000000	643.000000
271000.000000	582.000000
272000.000000	696.000000
273000.000000	696.000000
274000.000000	682.000000
275000.000000	665.000000
276000.000000	701.000000
277000.000000	680.000000
278000.000000	661.000000
279000.000000	680.000000
280000.000000	658.000000
281000.000000	645.000000
282000.000000	696.000000
283000.000000	661.000000
284000.000000	657.000000
285000.000000	718.000000
286000.000000	663.000000
287000.000000	663.000000
288000.000000	664.000000
289000.000000	686.000000
290000.000000	649.000000
291000.000000	629.000000
292000.000000	647.000000
293000.000000	685.000000
