1000.000000	1493.000000
2000.000000	1455.000000
3000.000000	1358.000000
4000.000000	1408.000000
5000.000000	1370.000000
6000.000000	1406.000000
7000.000000	1442.000000
8000.000000	1363.000000
9000.000000	1396.000000
10000.000000	1317.000000
11000.000000	1353.000000
12000.000000	1458.000000
13000.000000	1465.000000
14000.000000	1422.000000
15000.000000	1444.000000
16000.000000	1417.000000
17000.000000	1458.000000
18000.000000	1480.000000
19000.000000	1412.000000
20000.000000	1471.000000
21000.000000	1378.000000
22000.000000	1375.000000
23000.000000	1360.000000
24000.000000	1426.000000
25000.000000	1456.000000
26000.000000	1357.000000
27000.000000	1384.000000
28000.000000	1371.000000
29000.000000	1335.000000
30000.000000	1359.000000
31000.000000	1296.000000
32000.000000	1310.000000
33000.000000	1349.000000
34000.000000	1429.000000
35000.000000	1374.000000
36000.000000	1362.000000
37000.000000	1326.000000
38000.000000	1361.000000
39000.000000	1393.000000
40000.000000	1402.000000
41000.000000	1422.000000
42000.000000	1451.000000
43000.000000	1343.000000
44000.000000	1385.000000
45000.000000	1371.000000
46000.000000	1403.000000
47000.000000	1362.000000
48000.000000	1413.000000
49000.000000	1459.000000
50000.000000	1424.000000
51000.000000	1438.000000
52000.000000	1462.000000
53000.000000	1384.000000
54000.000000	1380.000000
55000.000000	1351.000000
56000.000000	1386.000000
57000.000000	1428.000000
58000.000000	1396.000000
59000.000000	1479.000000
60000.000000	1379.000000
61000.000000	1491.000000
62000.000000	1450.000000
63000.000000	1405.000000
64000.000000	1401.000000
65000.000000	1355.000000
66000.000000	1358.000000
67000.000000	1286.000000
68000.000000	1232.000000
69000.000000	1237.000000
70000.000000	1165.000000
71000.000000	1217.000000
72000.000000	1177.000000
73000.000000	1230.000000
74000.000000	1353.000000
75000.000000	1343.000000
76000.000000	1275.000000
77000.000000	1268.000000
78000.000000	1383.000000
79000.000000	1354.000000
80000.000000	1425.000000
81000.000000	1464.000000
82000.000000	1355.000000
83000.000000	1343.000000
84000.000000	1325.000000
85000.000000	1353.000000
86000.000000	1300.000000
87000.000000	1184.000000
88000.000000	1165.000000
89000.000000	1146.000000
90000.000000	1148.000000
91000.000000	1124.000000
92000.000000	1129.000000
93000.000000	1227.000000
94000.000000	1212.000000
95000.000000	1298.000000
96000.000000	1303.000000
97000.000000	1248.000000
98000.000000	1292.000000
99000.000000	1300.000000
100000.000000	1316.000000
101000.000000	1291.000000
102000.000000	1399.000000
103000.000000	1332.000000
104000.000000	1329.000000
105000.000000	1338.000000
106000.000000	1385.000000
107000.000000	1423.000000
108000.000000	1304.000000
109000.000000	1356.000000
110000.000000	1391.000000
111000.000000	1445.000000
112000.000000	1426.000000
113000.000000	1413.000000
114000.000000	1396.000000
115000.000000	1395.000000
116000.000000	1501.000000
117000.000000	1446.000000
118000.000000	1435.000000
119000.000000	1350.000000
120000.000000	1378.000000
121000.000000	1430.000000
122000.000000	1480.000000
123000.000000	1419.000000
124000.000000	1433.000000
125000.000000	1466.000000
126000.000000	1453.000000
127000.000000	1404.000000
128000.000000	1488.000000
129000.000000	1404.000000
130000.000000	1429.000000
131000.000000	1396.000000
132000.000000	1360.000000
133000.000000	1402.000000
134000.000000	1441.000000
135000.000000	1346.000000
136000.000000	1420.000000
137000.000000	1420.000000
138000.000000	1425.000000
139000.000000	1454.000000
140000.000000	1384.000000
141000.000000	1405.000000
142000.000000	1436.000000
143000.000000	1544.000000
144000.000000	1332.000000
145000.000000	1383.000000
146000.000000	1420.000000
147000.000000	1399.000000
148000.000000	1421.000000
149000.000000	1450.000000
150000.000000	1342.000000
151000.000000	1375.000000
152000.000000	1476.000000
153000.000000	1357.000000
154000.000000	1349.000000
155000.000000	1508.000000
156000.000000	1386.000000
157000.000000	1475.000000
158000.000000	1435.000000
159000.000000	1527.000000
160000.000000	1374.000000
161000.000000	1329.000000
162000.000000	1486.000000
163000.000000	1352.000000
164000.000000	1334.000000
165000.000000	1396.000000
166000.000000	1425.000000
167000.000000	1435.000000
168000.000000	1404.000000
169000.000000	1379.000000
170000.000000	1375.000000
171000.000000	1475.000000
172000.000000	1412.000000
173000.000000	1478.000000
174000.000000	1432.000000
175000.000000	1519.000000
176000.000000	1375.000000
177000.000000	1493.000000
178000.000000	1407.000000
179000.000000	1455.000000
180000.000000	1407.000000
181000.000000	1428.000000
182000.000000	1434.000000
183000.000000	1400.000000
184000.000000	1448.000000
185000.000000	1437.000000
186000.000000	1346.000000
187000.000000	1379.000000
188000.000000	1336.000000
189000.000000	1407.000000
190000.000000	1453.000000
191000.000000	1350.000000
192000.000000	1414.000000
193000.000000	1413.000000
194000.000000	1364.000000
195000.000000	1469.000000
196000.000000	1476.000000
197000.000000	1499.000000
198000.000000	1499.000000
199000.000000	1459.000000
200000.000000	1393.000000
201000.000000	1368.000000
202000.000000	1429.000000
203000.000000	1403.000000
204000.000000	1385.000000
205000.000000	1452.000000
206000.000000	1334.000000
207000.000000	1388.000000
208000.000000	1434.000000
209000.000000	1457.000000
210000.000000	1401.000000
211000.000000	1433.000000
212000.000000	1469.000000
213000.000000	1426.000000
214000.000000	1442.000000
215000.000000	1447.000000
216000.000000	1425.000000
217000.000000	1494.000000
218000.000000	1398.000000
219000.000000	1417.000000
220000.000000	1374.000000
221000.000000	1427.000000
222000.000000	1344.000000
223000.000000	1481.000000
224000.000000	1392.000000
225000.000000	1372.000000
226000.000000	1368.000000
227000.000000	1430.000000
228000.000000	1450.000000
229000.000000	1437.000000
230000.000000	1405.000000
231000.000000	1410.000000
232000.000000	1414.000000
233000.000000	1441.000000
234000.000000	1384.000000
235000.000000	1405.000000
236000.000000	1439.000000
237000.000000	1439.000000
238000.000000	1473.000000
239000.000000	1385.000000
240000.000000	1349.000000
241000.000000	1441.000000
242000.000000	1465.000000
243000.000000	1347.000000
244000.000000	1442.000000
245000.000000	1378.000000
246000.000000	1444.000000
247000.000000	1462.000000
248000.000000	1453.000000
249000.000000	1446.000000
250000.000000	1466.000000
251000.000000	1406.000000
252000.000000	1453.000000
253000.000000	1419.000000
254000.000000	1386.000000
255000.000000	1490.000000
256000.000000	1381.000000
257000.000000	1323.000000
258000.000000	1489.000000
259000.000000	1452.000000
260000.000000	1471.000000
261000.000000	1428.000000
262000.000000	1396.000000
263000.000000	1445.000000
264000.000000	1423.000000
265000.000000	1408.000000
266000.000000	1404.000000
267000.000000	1403.000000
268000.000000	1412.000000
269000.000000	1360.000000
270000.000000	1356.000000
271000.000000	1451.000000
272000.000000	1389.000000
273000.000000	1498.000000
274000.000000	1432.000000
275000.000000	1424.000000
276000.000000	1416.000000
277000.000000	1440.000000
278000.000000	1355.000000
279000.000000	1394.000000
280000.000000	1434.000000
281000.000000	1425.000000
282000.000000	1388.000000
283000.000000	1395.000000
284000.000000	1391.000000
285000.000000	1441.000000
286000.000000	1509.000000
287000.000000	1464.000000
288000.000000	1364.000000
289000.000000	1455.000000
290000.000000	1477.000000
291000.000000	1474.000000
292000.000000	1367.000000
293000.000000	1440.000000
294000.000000	1351.000000
295000.000000	1379.000000
296000.000000	1358.000000
297000.000000	1474.000000
298000.000000	1425.000000
299000.000000	1401.000000
300000.000000	1489.000000
301000.000000	1384.000000
302000.000000	1450.000000
303000.000000	1365.000000
304000.000000	1475.000000
305000.000000	1422.000000
306000.000000	1449.000000
307000.000000	1470.000000
308000.000000	1401.000000
309000.000000	1435.000000
310000.000000	1412.000000
311000.000000	1485.000000
312000.000000	1349.000000
313000.000000	1391.000000
314000.000000	1452.000000
315000.000000	1370.000000
316000.000000	1485.000000
317000.000000	1425.000000
318000.000000	1447.000000
319000.000000	1427.000000
320000.000000	1390.000000
321000.000000	1472.000000
322000.000000	1460.000000
323000.000000	1411.000000
324000.000000	1431.000000
325000.000000	1448.000000
326000.000000	1349.000000
327000.000000	1460.000000
328000.000000	1356.000000
329000.000000	1455.000000
330000.000000	1411.000000
331000.000000	1419.000000
332000.000000	1370.000000
333000.000000	1381.000000
334000.000000	1407.000000
335000.000000	1429.000000
336000.000000	1422.000000
337000.000000	1441.000000
338000.000000	1459.000000
339000.000000	1409.000000
340000.000000	1434.000000
341000.000000	1415.000000
342000.000000	1434.000000
343000.000000	1428.000000
344000.000000	1420.000000
345000.000000	1358.000000
346000.000000	1427.000000
347000.000000	1422.000000
348000.000000	1478.000000
349000.000000	1353.000000
350000.000000	1382.000000
351000.000000	1504.000000
352000.000000	1433.000000
353000.000000	1375.000000
354000.000000	1466.000000
355000.000000	1378.000000
356000.000000	1393.000000
357000.000000	1375.000000
358000.000000	1492.000000
359000.000000	1435.000000
360000.000000	1396.000000
361000.000000	1389.000000
362000.000000	1411.000000
363000.000000	1365.000000
364000.000000	1463.000000
365000.000000	1451.000000
366000.000000	1402.000000
367000.000000	1429.000000
368000.000000	1377.000000
369000.000000	1451.000000
370000.000000	1371.000000
371000.000000	1371.000000
372000.000000	1450.000000
373000.000000	1453.000000
374000.000000	1408.000000
375000.000000	1450.000000
376000.000000	1431.000000
377000.000000	1442.000000
378000.000000	1431.000000
379000.000000	1431.000000
380000.000000	1398.000000
381000.000000	1386.000000
382000.000000	1439.000000
383000.000000	1383.000000
384000.000000	1470.000000
385000.000000	1402.000000
386000.000000	1426.000000
387000.000000	1428.000000
388000.000000	1398.000000
389000.000000	1456.000000
390000.000000	1478.000000
391000.000000	1390.000000
392000.000000	1472.000000
393000.000000	1495.000000
394000.000000	1474.000000
395000.000000	1366.000000
396000.000000	1427.000000
397000.000000	1442.000000
398000.000000	1352.000000
399000.000000	1395.000000
400000.000000	1436.000000
401000.000000	1441.000000
402000.000000	1513.000000
403000.000000	1429.000000
404000.000000	1434.000000
405000.000000	1445.000000
406000.000000	1554.000000
407000.000000	1448.000000
408000.000000	1363.000000
409000.000000	1356.000000
410000.000000	1397.000000
411000.000000	1413.000000
412000.000000	1454.000000
413000.000000	1513.000000
414000.000000	1488.000000
415000.000000	1391.000000
416000.000000	1435.000000
417000.000000	1483.000000
418000.000000	1365.000000
419000.000000	1416.000000
420000.000000	1399.000000
421000.000000	1376.000000
422000.000000	1350.000000
423000.000000	1363.000000
424000.000000	1428.000000
425000.000000	1436.000000
426000.000000	1482.000000
427000.000000	1436.000000
428000.000000	1420.000000
429000.000000	1387.000000
430000.000000	1441.000000
431000.000000	1366.000000
432000.000000	1446.000000
433000.000000	1429.000000
434000.000000	1375.000000
435000.000000	1418.000000
436000.000000	1450.000000
437000.000000	1414.000000
438000.000000	1473.000000
439000.000000	1407.000000
440000.000000	1428.000000
441000.000000	1461.000000
442000.000000	1370.000000
443000.000000	1399.000000
444000.000000	1391.000000
445000.000000	1371.000000
446000.000000	1413.000000
447000.000000	1440.000000
448000.000000	1397.000000
449000.000000	1371.000000
450000.000000	1365.000000
451000.000000	1433.000000
452000.000000	1413.000000
453000.000000	1390.000000
454000.000000	1406.000000
455000.000000	1412.000000
456000.000000	1362.000000
457000.000000	1314.000000
458000.000000	1484.000000
459000.000000	1414.000000
460000.000000	1420.000000
461000.000000	1311.000000
462000.000000	1382.000000
463000.000000	1340.000000
464000.000000	1212.000000
465000.000000	1454.000000
466000.000000	1432.000000
467000.000000	1430.000000
468000.000000	1346.000000
469000.000000	1417.000000
470000.000000	1454.000000
471000.000000	1456.000000
472000.000000	1396.000000
473000.000000	1399.000000
474000.000000	1432.000000
475000.000000	1400.000000
476000.000000	1466.000000
477000.000000	1392.000000
478000.000000	1370.000000
479000.000000	1367.000000
480000.000000	1434.000000
481000.000000	1466.000000
482000.000000	1490.000000
483000.000000	1481.000000
484000.000000	1408.000000
485000.000000	1452.000000
486000.000000	1411.000000
487000.000000	1401.000000
488000.000000	1363.000000
489000.000000	1481.000000
490000.000000	1390.000000
491000.000000	1397.000000
492000.000000	1437.000000
493000.000000	1407.000000
494000.000000	1476.000000
495000.000000	1446.000000
496000.000000	1479.000000
497000.000000	1448.000000
498000.000000	1377.000000
499000.000000	1420.000000
500000.000000	1408.000000
501000.000000	1455.000000
502000.000000	1346.000000
503000.000000	1459.000000
504000.000000	1405.000000
505000.000000	1437.000000
506000.000000	1449.000000
507000.000000	1381.000000
508000.000000	1403.000000
509000.000000	1383.000000
510000.000000	1451.000000
511000.000000	1488.000000
512000.000000	1472.000000
513000.000000	1420.000000
514000.000000	1395.000000
515000.000000	1428.000000
516000.000000	1412.000000
517000.000000	1375.000000
518000.000000	1473.000000
519000.000000	1433.000000
520000.000000	1377.000000
521000.000000	1383.000000
522000.000000	1383.000000
523000.000000	1414.000000
524000.000000	1380.000000
525000.000000	1357.000000
526000.000000	1437.000000
527000.000000	1383.000000
528000.000000	1461.000000
529000.000000	1404.000000
530000.000000	1387.000000
531000.000000	1445.000000
532000.000000	1430.000000
533000.000000	1393.000000
534000.000000	1328.000000
535000.000000	1431.000000
536000.000000	1415.000000
537000.000000	1403.000000
538000.000000	1379.000000
539000.000000	1480.000000
540000.000000	1411.000000
541000.000000	1327.000000
542000.000000	862.000000
543000.000000	241.000000
544000.000000	66.000000
545000.000000	370.000000
546000.000000	573.000000
547000.000000	674.000000
548000.000000	706.000000
549000.000000	698.000000
550000.000000	713.000000
551000.000000	742.000000
552000.000000	694.000000
553000.000000	724.000000
554000.000000	731.000000
555000.000000	691.000000
556000.000000	752.000000
557000.000000	714.000000
558000.000000	721.000000
559000.000000	737.000000
560000.000000	724.000000
561000.000000	701.000000
562000.000000	673.000000
563000.000000	703.000000
564000.000000	771.000000
565000.000000	732.000000
566000.000000	710.000000
567000.000000	707.000000
568000.000000	728.000000
569000.000000	713.000000
570000.000000	713.000000
571000.000000	729.000000
572000.000000	759.000000
573000.000000	752.000000
574000.000000	780.000000
575000.000000	740.000000
576000.000000	729.000000
577000.000000	706.000000
578000.000000	779.000000
579000.000000	730.000000
580000.000000	702.000000
581000.000000	734.000000
582000.000000	723.000000
583000.000000	720.000000
584000.000000	718.000000
585000.000000	723.000000
586000.000000	783.000000
587000.000000	723.000000
588000.000000	735.000000
589000.000000	760.000000
590000.000000	738.000000
591000.000000	761.000000
592000.000000	759.000000
593000.000000	665.000000
594000.000000	683.000000
595000.000000	701.000000
596000.000000	713.000000
597000.000000	716.000000
598000.000000	768.000000
599000.000000	702.000000
600000.000000	762.000000
601000.000000	729.000000
602000.000000	705.000000
603000.000000	651.000000
604000.000000	674.000000
605000.000000	636.000000
606000.000000	754.000000
607000.000000	694.000000
608000.000000	784.000000
609000.000000	759.000000
610000.000000	746.000000
611000.000000	774.000000
612000.000000	734.000000
613000.000000	775.000000
614000.000000	703.000000
615000.000000	706.000000
616000.000000	740.000000
617000.000000	728.000000
618000.000000	711.000000
619000.000000	710.000000
620000.000000	720.000000
621000.000000	729.000000
622000.000000	701.000000
623000.000000	694.000000
624000.000000	695.000000
625000.000000	745.000000
626000.000000	644.000000
627000.000000	761.000000
628000.000000	726.000000
629000.000000	708.000000
630000.000000	707.000000
631000.000000	768.000000
632000.000000	688.000000
633000.000000	659.000000
634000.000000	737.000000
635000.000000	721.000000
636000.000000	681.000000
637000.000000	727.000000
638000.000000	674.000000
639000.000000	738.000000
640000.000000	718.000000
641000.000000	685.000000
642000.000000	733.000000
643000.000000	710.000000
644000.000000	759.000000
645000.000000	681.000000
646000.000000	719.000000
647000.000000	727.000000
648000.000000	736.000000
649000.000000	721.000000
650000.000000	729.000000
651000.000000	669.000000
652000.000000	729.000000
653000.000000	769.000000
654000.000000	759.000000
655000.000000	678.000000
656000.000000	750.000000
657000.000000	698.000000
658000.000000	724.000000
659000.000000	709.000000
660000.000000	743.000000
661000.000000	779.000000
662000.000000	767.000000
663000.000000	671.000000
664000.000000	699.000000
665000.000000	771.000000
666000.000000	727.000000
667000.000000	718.000000
668000.000000	740.000000
669000.000000	738.000000
670000.000000	764.000000
671000.000000	754.000000
672000.000000	750.000000
673000.000000	759.000000
674000.000000	685.000000
675000.000000	769.000000
676000.000000	757.000000
677000.000000	719.000000
678000.000000	690.000000
679000.000000	717.000000
680000.000000	778.000000
681000.000000	726.000000
682000.000000	738.000000
683000.000000	702.000000
684000.000000	688.000000
685000.000000	736.000000
686000.000000	621.000000
687000.000000	715.000000
688000.000000	735.000000
689000.000000	712.000000
690000.000000	716.000000
691000.000000	721.000000
692000.000000	704.000000
693000.000000	815.000000
694000.000000	661.000000
695000.000000	778.000000
696000.000000	715.000000
697000.000000	693.000000
698000.000000	680.000000
699000.000000	685.000000
700000.000000	754.000000
701000.000000	698.000000
702000.000000	718.000000
703000.000000	697.000000
704000.000000	760.000000
705000.000000	719.000000
706000.000000	711.000000
707000.000000	730.000000
708000.000000	724.000000
709000.000000	709.000000
710000.000000	710.000000
711000.000000	738.000000
712000.000000	694.000000
713000.000000	697.000000
714000.000000	792.000000
715000.000000	680.000000
716000.000000	676.000000
717000.000000	716.000000
718000.000000	616.000000
719000.000000	687.000000
720000.000000	719.000000
721000.000000	757.000000
722000.000000	668.000000
723000.000000	758.000000
724000.000000	668.000000
725000.000000	712.000000
726000.000000	671.000000
727000.000000	715.000000
728000.000000	741.000000
729000.000000	667.000000
730000.000000	701.000000
731000.000000	755.000000
732000.000000	657.000000
733000.000000	714.000000
734000.000000	782.000000
735000.000000	752.000000
736000.000000	728.000000
737000.000000	701.000000
738000.000000	713.000000
739000.000000	717.000000
740000.000000	716.000000
741000.000000	743.000000
742000.000000	708.000000
743000.000000	740.000000
744000.000000	671.000000
745000.000000	719.000000
746000.000000	755.000000
747000.000000	731.000000
748000.000000	725.000000
749000.000000	721.000000
750000.000000	635.000000
751000.000000	701.000000
752000.000000	745.000000
753000.000000	733.000000
754000.000000	672.000000
755000.000000	789.000000
756000.000000	690.000000
757000.000000	690.000000
758000.000000	719.000000
759000.000000	724.000000
760000.000000	722.000000
