t	signal
s	
	
0	-8,14213
2,00044E-5	-6,51713
4,00088E-5	-9,51713
6,00133E-5	-21,01713
8,00177E-5	-26,26713
1,00022E-4	-24,64213
1,20027E-4	-26,51713
1,40031E-4	-18,39213
1,60035E-4	-19,76713
1,8004E-4	-15,64213
2,00044E-4	-12,01713
2,20049E-4	-13,14213
2,40053E-4	-8,76713
2,60058E-4	-7,39213
2,80062E-4	-4,14213
3,00066E-4	2,23287
3,20071E-4	-10,01713
3,40075E-4	-3,51713
3,6008E-4	2,35787
3,80084E-4	-2,64213
4,00088E-4	6,48287
4,20093E-4	12,48287
4,40097E-4	17,10787
4,60102E-4	12,23287
4,80106E-4	16,35787
5,00111E-4	16,35787
5,20115E-4	21,48287
5,40119E-4	12,98287
5,60124E-4	23,60787
5,80128E-4	18,73287
6,00133E-4	12,35787
6,20137E-4	11,73287
6,40142E-4	13,60787
6,60146E-4	7,48287
6,8015E-4	13,98287
7,00155E-4	5,48287
7,20159E-4	11,98287
7,40164E-4	12,48287
7,60168E-4	-0,39213
7,80173E-4	3,60787
8,00177E-4	1,23287
8,20181E-4	1,60787
8,40186E-4	2,23287
8,6019E-4	-1,14213
8,80195E-4	-3,01713
9,00199E-4	-9,01713
9,20204E-4	-13,51713
9,40208E-4	-9,64213
9,60212E-4	-9,76713
9,80217E-4	-9,14213
0,001	-4,51713
0,00102	-6,51713
0,00104	2,98287
0,00106	-0,89213
0,00108	-7,76713
0,0011	-4,26713
0,00112	3,73287
0,00114	3,60787
0,00116	-2,14213
0,00118	-4,39213
0,0012	0,35787
0,00122	-3,26713
0,00124	10,98287
0,00126	15,23287
0,00128	13,73287
0,0013	17,60787
0,00132	19,10787
0,00134	15,73287
0,00136	20,35787
0,00138	15,10787
0,0014	7,35787
0,00142	15,98287
0,00144	25,60787
0,00146	25,60787
0,00148	24,23287
0,0015	23,23287
0,00152	23,60787
0,00154	20,85787
0,00156	33,35787
0,00158	26,23287
0,0016	16,98287
0,00162	22,85787
0,00164	15,60787
0,00166	10,85787
0,00168	9,73287
0,0017	9,10787
0,00172	13,98287
0,00174	16,23287
0,00176	20,85787
0,00178	20,60787
0,0018	13,23287
0,00182	11,73287
0,00184	17,10787
0,00186	-0,51713
0,00188	4,48287
0,0019	5,60787
0,00192	9,60787
0,00194	11,48287
0,00196	12,23287
0,00198	6,85787
0,002	7,10787
0,00202	10,10787
0,00204	15,35787
0,00206	18,35787
0,00208	5,85787
0,0021	3,35787
0,00212	0,35787
0,00214	1,98287
0,00216	-0,89213
0,00218	-8,89213
0,0022	-11,89213
0,00222	-6,14213
0,00224	-11,14213
0,00226	-13,51713
0,00228	-19,89213
0,0023	-11,76713
0,00232	-14,64213
0,00234	-22,51713
0,00236	-20,26713
0,00238	-25,64213
0,0024	-26,64213
0,00242	-33,39213
0,00244	-39,26713
0,00246	-28,64213
0,00248	-19,39213
0,0025	-18,26713
0,00252	-14,39213
0,00254	-3,01713
0,00256	3,23287
0,00258	4,10787
0,0026	8,23287
0,00262	13,23287
0,00264	18,23287
0,00266	13,10787
0,00268	20,35787
0,0027	25,35787
0,00272	23,48287
0,00274	13,85787
0,00276	12,85787
0,00278	21,35787
0,0028	13,60787
0,00282	2,48287
0,00284	4,23287
0,00286	12,48287
0,00288	14,23287
0,0029	6,85787
0,00292	-2,89213
0,00294	-16,39213
0,00296	-13,26713
0,00298	-18,01713
0,003	-11,14213
0,00302	-13,51713
0,00304	-10,64213
0,00306	-3,14213
0,00308	3,35787
0,0031	6,73287
0,00312	3,35787
0,00314	3,35787
0,00316	12,23287
0,00318	12,35787
0,0032	12,98287
0,00322	7,85787
0,00324	5,23287
0,00326	9,48287
0,00328	7,60787
0,0033	12,48287
0,00332	20,60787
0,00334	17,10787
0,00336	24,48287
0,00338	22,85787
0,0034	20,98287
0,00342	14,35787
0,00344	19,23287
0,00346	3,10787
0,00348	8,60787
0,0035	7,10787
0,00352	8,73287
0,00354	13,23287
0,00356	15,60787
0,00358	19,73287
0,0036	15,35787
0,00362	5,85787
0,00364	-1,64213
0,00366	-2,01713
0,00368	-8,89213
0,0037	-9,26713
0,00372	-10,89213
0,00374	-8,51713
0,00376	-15,64213
0,00378	-21,89213
0,0038	-18,14213
0,00382	-11,01713
0,00384	6,60787
0,00386	-9,39213
0,00388	-15,39213
0,0039	-24,26713
0,00392	-25,39213
0,00394	-26,89213
0,00396	-22,14213
0,00398	-14,01713
0,004	-15,89213
0,00402	-10,76713
0,00404	-13,39213
0,00406	-12,89213
0,00408	-17,01713
0,0041	-12,89213
0,00412	-8,89213
0,00414	-16,76713
0,00416	-12,39213
0,00418	-20,14213
0,0042	-22,39213
0,00422	-18,39213
0,00424	-13,01713
0,00426	-6,51713
0,00428	-2,89213
0,0043	-1,64213
0,00432	10,60787
0,00434	7,10787
0,00436	15,60787
0,00438	13,23287
0,0044	12,48287
0,00442	14,98287
0,00444	12,73287
0,00446	18,35787
0,00448	20,35787
0,0045	20,85787
0,00452	21,48287
0,00454	25,60787
0,00456	23,35787
0,00458	30,73287
0,0046	36,85787
0,00462	40,48287
0,00464	35,98287
0,00466	42,85787
0,00468	37,23287
0,0047	31,35787
0,00472	35,85787
0,00474	34,85787
0,00476	34,98287
0,00478	40,23287
0,0048	41,98287
0,00482	36,60787
0,00484	33,60787
0,00486	31,48287
0,00488	37,48287
0,0049	35,60787
0,00492	42,85787
0,00494	45,10787
0,00496	39,60787
0,00498	34,73287
0,005	36,23287
0,00502	36,23287
0,00504	36,85787
0,00506	29,48287
0,00508	37,98287
0,0051	41,10787
0,00512	48,98287
0,00514	50,98287
0,00516	52,60787
0,00518	50,48287
0,0052	52,10787
0,00522	55,60787
0,00524	56,73287
0,00526	57,23287
0,00528	52,48287
0,0053	56,85787
0,00532	62,60787
0,00534	72,98287
0,00536	71,60787
0,00538	83,23287
0,0054	73,85787
0,00542	74,35787
0,00544	78,85787
0,00546	77,35787
0,00548	77,10787
0,0055	77,23287
0,00552	70,85787
0,00554	67,98287
0,00556	65,73287
0,00558	74,23287
0,0056	83,23287
0,00562	82,23287
0,00564	83,98287
0,00566	86,98287
0,00568	85,35787
0,0057	83,35787
0,00572	78,10787
0,00574	74,10787
0,00576	86,85787
0,00578	94,85787
0,0058	91,98287
0,00582	92,60787
0,00584	99,73287
0,00586	99,35787
0,00588	114,98287
0,0059	116,23287
0,00592	122,48287
0,00594	119,35787
0,00596	127,73287
0,00598	122,73287
0,006	125,10787
0,00602	125,35787
0,00604	136,35787
0,00606	142,10787
0,00608	152,98287
0,0061	159,10787
0,00612	148,10787
0,00614	150,85787
0,00616	157,48287
0,00618	169,85787
0,0062	171,23287
0,00622	169,10787
0,00624	164,23287
0,00626	159,60787
0,00628	158,98287
0,0063	160,85787
0,00632	160,23287
0,00634	162,48287
0,00636	167,98287
0,00638	177,98287
0,0064	189,73287
0,00642	174,60787
0,00644	178,73287
0,00646	178,10787
0,00648	185,60787
0,0065	189,73287
0,00652	187,10787
0,00654	173,35787
0,00656	176,23287
0,00658	174,98287
0,0066	177,73287
0,00662	189,60787
0,00664	198,48287
0,00666	196,98287
0,00668	201,60787
0,0067	200,10787
0,00672	194,60787
0,00674	190,35787
0,00676	194,35787
0,00678	193,98287
0,0068	191,85787
0,00682	193,73287
0,00684	194,23287
0,00686	193,73287
0,00688	196,10787
0,0069	200,35787
0,00692	206,35787
0,00694	211,23287
0,00696	207,73287
0,00698	215,60787
0,007	206,98287
0,00702	207,48287
0,00704	206,35787
0,00706	207,85787
0,00708	217,60787
0,0071	219,48287
0,00712	228,10787
0,00714	232,98287
0,00716	229,73287
0,00718	226,10787
0,0072	226,98287
0,00722	236,60787
0,00724	241,10787
0,00726	245,60787
0,00728	247,23287
0,0073	250,60787
0,00732	246,23287
0,00734	243,73287
0,00736	243,48287
0,00738	237,35787
0,0074	236,98287
0,00742	240,23287
0,00744	229,85787
0,00746	231,23287
0,00748	232,48287
0,0075	246,48287
0,00752	245,85787
0,00754	246,85787
0,00756	249,23287
0,00758	245,10787
0,0076	240,35787
0,00762	242,35787
0,00764	246,48287
0,00766	252,48287
0,00768	254,73287
0,0077	262,23287
0,00772	267,35787
0,00774	274,10787
0,00776	270,98287
0,00778	284,23287
0,0078	282,35787
0,00782	293,23287
0,00784	282,73287
0,00786	277,23287
0,00788	275,48287
0,0079	274,48287
0,00792	278,98287
0,00794	279,85787
0,00796	286,10787
0,00798	288,10787
0,008	289,85787
0,00802	278,98287
0,00804	274,48287
0,00806	274,98287
0,00808	281,60787
0,0081	276,23287
0,00812	276,48287
0,00814	274,35787
0,00816	270,48287
0,00818	281,85787
0,0082	282,10787
0,00822	278,98287
0,00824	272,35787
0,00826	271,35787
0,00828	273,60787
0,0083	275,35787
0,00832	267,35787
0,00834	268,10787
0,00836	266,48287
0,00838	266,73287
0,0084	270,10787
0,00842	263,35787
0,00844	259,23287
0,00846	250,35787
0,00848	243,98287
0,0085	240,48287
0,00852	243,73287
0,00854	236,60787
0,00856	229,35787
0,00858	218,85787
0,0086	214,60787
0,00862	216,23287
0,00864	221,85787
0,00866	220,35787
0,00868	224,73287
0,0087	219,48287
0,00872	210,85787
0,00874	209,73287
0,00876	209,85787
0,00878	208,73287
0,0088	208,48287
0,00882	209,73287
0,00884	202,23287
0,00886	198,98287
0,00888	194,85787
0,0089	188,10787
0,00892	195,60787
0,00894	196,10787
0,00896	192,60787
0,00898	193,98287
0,009	189,73287
0,00902	182,73287
0,00904	188,23287
0,00906	184,60787
0,00908	181,35787
0,0091	182,73287
0,00912	184,60787
0,00914	186,73287
0,00916	189,48287
0,00918	198,98287
0,0092	213,73287
0,00922	219,60787
0,00924	224,60787
0,00926	223,60787
0,00928	213,35787
0,0093	223,10787
0,00932	222,98287
0,00934	232,60787
0,00936	218,98287
0,00938	222,60787
0,0094	222,35787
0,00942	225,73287
0,00944	225,60787
0,00946	217,48287
0,00948	215,35787
0,0095	211,85787
0,00952	195,35787
0,00954	184,35787
0,00956	178,98287
0,00958	180,48287
0,0096	175,48287
0,00962	181,85787
0,00964	169,48287
0,00966	171,48287
0,00968	163,98287
0,0097	167,35787
0,00972	173,48287
0,00974	177,73287
0,00976	170,48287
0,00978	173,35787
0,0098	158,10787
0,00982	159,60787
0,00984	160,73287
0,00986	170,23287
0,00988	164,10787
0,0099	171,60787
0,00992	171,35787
0,00994	164,48287
0,00996	158,10787
0,00998	159,23287
0,01	164,48287
0,01002	155,48287
0,01004	156,73287
0,01006	155,23287
0,01008	149,73287
0,0101	148,60787
0,01012	142,48287
0,01014	142,85787
0,01016	145,98287
0,01018	134,48287
0,0102	133,35787
0,01022	131,73287
0,01024	122,98287
0,01026	124,23287
0,01028	124,60787
0,0103	131,23287
0,01032	130,98287
0,01034	115,48287
0,01036	120,48287
0,01038	115,10787
0,0104	112,60787
0,01042	100,73287
0,01044	93,73287
0,01046	98,35787
0,01048	92,23287
0,0105	90,73287
0,01052	89,98287
0,01054	85,60787
0,01056	82,98287
0,01058	82,60787
0,0106	84,73287
0,01062	75,85787
0,01064	70,10787
0,01066	70,60787
0,01068	61,98287
0,0107	63,48287
0,01072	66,98287
0,01074	50,73287
0,01076	49,48287
0,01078	50,48287
0,0108	51,98287
0,01082	50,23287
0,01084	52,10787
0,01086	59,48287
0,01088	60,98287
0,0109	57,60787
0,01092	52,48287
0,01094	56,73287
0,01096	61,48287
0,01098	63,73287
0,011	62,73287
0,01102	65,85787
0,01104	70,60787
0,01106	65,73287
0,01108	76,48287
0,0111	84,60787
0,01112	88,98287
0,01114	74,35787
0,01116	88,98287
0,01118	76,85787
0,0112	79,98287
0,01122	67,98287
0,01124	62,35787
0,01126	66,73287
0,01128	60,10787
0,0113	65,85787
0,01132	73,73287
0,01134	75,48287
0,01136	70,85787
0,01138	70,23287
0,0114	62,60787
0,01142	61,73287
0,01144	58,48287
0,01146	58,85787
0,01148	55,35787
0,0115	49,85787
0,01152	47,98287
0,01154	44,35787
0,01156	50,85787
0,01158	49,10787
0,0116	55,10787
0,01162	53,73287
0,01164	50,73287
0,01166	45,35787
0,01168	40,48287
0,0117	46,10787
0,01172	41,98287
0,01174	49,10787
0,01176	41,10787
0,01178	33,98287
0,0118	18,10787
0,01182	25,35787
0,01184	36,10787
0,01186	44,35787
0,01188	49,85787
0,0119	45,10787
0,01192	33,23287
0,01194	33,10787
0,01196	36,10787
0,01198	35,35787
0,012	30,48287
0,01202	22,48287
0,01204	21,73287
0,01206	19,10787
0,01208	18,60787
0,0121	15,23287
0,01212	11,98287
0,01214	10,73287
0,01216	17,23287
0,01218	20,98287
0,0122	-0,14213
0,01222	-7,64213
0,01224	-7,26713
0,01226	-3,51713
0,01228	-8,76713
0,0123	-4,26713
0,01232	-7,14213
0,01234	-0,64213
0,01236	-2,14213
0,01238	-3,14213
0,0124	1,73287
0,01242	2,10787
0,01244	2,98287
0,01246	1,60787
0,01248	5,35787
0,0125	10,98287
0,01252	17,23287
0,01254	19,23287
0,01256	26,60787
0,01258	26,73287
0,0126	22,98287
0,01262	31,85787
0,01264	32,10787
0,01266	23,73287
0,01268	19,73287
0,0127	15,73287
0,01272	18,23287
0,01274	23,73287
0,01276	24,35787
0,01278	32,85787
0,0128	31,60787
0,01282	28,73287
0,01284	25,23287
0,01286	13,23287
0,01288	19,85787
0,0129	15,60787
0,01292	16,10787
0,01294	21,85787
0,01296	21,35787
0,01298	17,73287
0,013	14,48287
0,01302	19,85787
0,01304	23,73287
0,01306	20,73287
0,01308	24,73287
0,0131	21,35787
0,01312	20,10787
0,01314	28,48287
0,01316	23,98287
0,01318	8,98287
0,0132	20,48287
0,01322	14,98287
0,01324	16,10787
0,01326	19,73287
0,01328	14,10787
0,0133	5,48287
0,01332	6,35787
0,01334	7,85787
0,01336	9,48287
0,01338	11,48287
0,0134	0,35787
0,01342	1,23287
0,01344	-3,51713
0,01346	4,48287
0,01348	-9,01713
0,0135	-6,26713
0,01352	2,73287
0,01354	5,35787
0,01356	-0,14213
0,01358	3,85787
0,0136	5,23287
0,01362	2,85787
0,01364	0,48287
0,01366	1,23287
0,01368	2,35787
0,0137	3,48287
0,01372	7,10787
0,01374	-2,14213
0,01376	-4,89213
0,01378	-2,39213
0,0138	0,23287
0,01382	2,23287
0,01384	-0,89213
0,01386	-3,01713
0,01388	-12,01713
0,0139	-17,64213
0,01392	-21,39213
0,01394	-20,76713
0,01396	-25,89213
0,01398	-22,51713
0,014	-19,26713
0,01402	-24,89213
0,01404	-26,76713
0,01406	-33,01713
0,01408	-26,01713
0,0141	-19,76713
0,01412	-22,64213
0,01414	-15,51713
0,01416	-11,39213
0,01418	-15,89213
0,0142	-3,76713
0,01422	-5,76713
0,01424	-1,01713
0,01426	-1,01713
0,01428	-6,01713
0,0143	-7,39213
0,01432	-2,39213
0,01434	7,48287
0,01436	14,98287
0,01438	14,60787
0,0144	28,48287
0,01442	24,35787
0,01444	19,73287
0,01446	18,35787
0,01448	12,98287
0,0145	7,98287
0,01452	6,10787
0,01454	4,98287
0,01456	-0,51713
0,01458	0,48287
0,0146	-7,51713
0,01462	-1,64213
0,01464	7,85787
0,01466	10,48287
0,01468	4,60787
0,0147	1,73287
0,01472	11,48287
0,01474	23,23287
0,01476	8,10787
0,01478	8,73287
0,0148	-0,64213
0,01482	2,35787
0,01484	9,48287
0,01486	2,10787
0,01488	-6,01713
0,0149	8,35787
0,01492	6,60787
0,01494	7,10787
0,01496	2,35787
0,01498	0,10787
0,015	5,10787
0,01502	4,48287
0,01504	0,10787
0,01506	-0,89213
0,01508	-11,14213
0,0151	-12,64213
0,01512	-13,39213
0,01514	-3,76713
0,01516	3,85787
0,01518	1,60787
0,0152	15,10787
0,01522	18,48287
0,01524	20,35787
0,01526	20,73287
0,01528	21,23287
0,0153	12,10787
0,01532	14,10787
0,01534	13,35787
0,01536	7,10787
0,01538	7,98287
0,0154	18,23287
0,01542	20,73287
0,01544	12,98287
0,01546	13,23287
0,01548	9,35787
0,0155	7,60787
0,01552	7,85787
0,01554	-1,76713
0,01556	-7,14213
0,01558	-2,26713
0,0156	-4,26713
0,01562	0,48287
0,01564	4,60787
0,01566	-0,51713
0,01568	-2,76713
0,0157	-4,89213
0,01572	1,10787
0,01574	-18,89213
0,01576	-26,64213
0,01578	-35,39213
0,0158	-26,14213
0,01582	-17,26713
0,01584	-20,26713
0,01586	-16,01713
0,01588	-17,64213
0,0159	-19,26713
0,01592	-16,76713
0,01594	-19,01713
0,01596	-21,26713
0,01598	-15,76713
0,016	-17,51713
0,01602	-15,76713
0,01604	-14,89213
0,01606	-9,26713
0,01608	4,73287
0,0161	11,98287
0,01612	18,73287
0,01614	20,60787
0,01616	11,73287
0,01618	3,85787
0,0162	4,85787
0,01622	3,35787
0,01624	6,73287
0,01626	13,98287
0,01628	17,73287
0,0163	16,35787
0,01632	22,85787
0,01634	20,85787
0,01636	13,73287
0,01638	8,48287
0,0164	11,48287
0,01642	2,60787
0,01644	1,48287
0,01646	-0,51713
0,01648	-1,76713
0,0165	-7,39213
0,01652	-1,51713
0,01654	-7,39213
0,01656	4,35787
0,01658	1,60787
0,0166	-1,39213
0,01662	1,48287
0,01664	0,85787
0,01666	-2,14213
0,01668	-4,89213
0,0167	-7,26713
0,01672	-5,01713
0,01674	0,23287
0,01676	-2,26713
0,01678	-4,64213
0,0168	-13,76713
0,01682	-1,51713
0,01684	1,73287
0,01686	7,23287
0,01688	10,10787
0,0169	21,35787
0,01692	13,85787
0,01694	12,23287
0,01696	21,10787
0,01698	18,23287
0,017	18,60787
0,01702	20,35787
0,01704	23,73287
0,01706	20,48287
0,01708	21,35787
0,0171	25,60787
0,01712	13,60787
0,01714	12,23287
0,01716	9,23287
0,01718	0,48287
0,0172	5,98287
0,01722	13,23287
0,01724	13,35787
0,01726	17,98287
0,01728	11,73287
0,0173	11,10787
0,01732	10,10787
0,01734	9,85787
0,01736	8,35787
0,01738	16,10787
0,0174	17,23287
0,01742	10,60787
0,01744	8,98287
0,01746	6,98287
0,01748	18,85787
0,0175	22,98287
0,01752	25,35787
0,01754	23,73287
0,01756	28,85787
0,01758	19,85787
0,0176	11,73287
0,01762	8,35787
0,01764	1,48287
0,01766	1,73287
0,01768	-3,76713
0,0177	-3,51713
0,01772	-2,64213
0,01774	-0,01713
0,01776	-1,64213
0,01778	-6,64213
0,0178	-5,39213
0,01782	-11,14213
0,01784	-20,01713
0,01786	-21,01713
0,01788	-22,14213
0,0179	-25,89213
0,01792	-33,01713
0,01794	-36,39213
0,01796	-43,01713
0,01798	-50,26713
0,018	-46,26713
0,01802	-43,64213
0,01804	-31,89213
0,01806	-34,01713
0,01808	-30,89213
0,0181	-31,26713
0,01812	-35,01713
0,01814	-29,26713
0,01816	-32,64213
0,01818	-47,14213
0,0182	-37,01713
0,01822	-40,51713
0,01824	-31,39213
0,01826	-19,89213
0,01828	-12,76713
0,0183	-15,76713
0,01832	-12,89213
0,01834	-9,01713
0,01836	-12,51713
0,01838	-13,51713
0,0184	-23,14213
0,01842	-22,51713
0,01844	-28,51713
0,01846	-16,51713
0,01848	-20,01713
0,0185	-19,14213
0,01852	-21,26713
0,01854	-22,89213
0,01856	-20,14213
0,01858	-24,01713
0,0186	-26,89213
0,01862	-29,26713
0,01864	-31,64213
0,01866	-43,39213
0,01868	-36,64213
0,0187	-40,64213
0,01872	-31,26713
0,01874	-26,51713
0,01876	-22,89213
0,01878	-18,14213
0,0188	-12,51713
0,01882	-14,14213
0,01884	-16,89213
0,01886	-23,14213
0,01888	-20,51713
0,0189	-13,26713
0,01892	-5,39213
0,01894	0,23287
0,01896	-2,14213
0,01898	8,73287
0,019	15,73287
0,01902	19,10787
0,01904	13,10787
0,01906	11,85787
0,01908	14,60787
0,0191	11,10787
0,01912	8,60787
0,01914	3,35787
0,01916	9,48287
0,01918	22,10787
0,0192	20,73287
0,01922	27,23287
0,01924	34,85787
0,01926	29,23287
0,01928	24,85787
0,0193	21,35787
0,01932	22,73287
0,01934	23,23287
0,01936	17,23287
0,01938	22,48287
0,0194	19,60787
0,01942	9,10787
0,01944	13,48287
0,01946	16,60787
0,01948	17,35787
0,0195	18,23287
0,01952	16,98287
0,01954	15,10787
0,01956	11,48287
0,01958	3,60787
0,0196	-0,26713
0,01962	14,35787
0,01964	10,48287
0,01966	5,23287
0,01968	6,60787
0,0197	5,35787
0,01972	6,35787
0,01974	-2,89213
0,01976	0,48287
0,01978	1,73287
0,0198	-6,89213
0,01982	-6,14213
0,01984	-7,64213
0,01986	-1,14213
0,01988	-7,14213
0,0199	-11,26713
0,01992	-9,64213
0,01994	-14,89213
0,01996	-3,76713
0,01998	-7,76713
0,02	3,85787
0,02002	0,23287
0,02004	1,85787
0,02006	-4,39213
0,02008	-9,01713
0,0201	-11,64213
0,02012	-14,01713
0,02014	-8,01713
0,02016	-3,51713
0,02018	-3,89213
0,0202	-5,76713
0,02022	-8,89213
0,02024	-7,89213
0,02026	-0,64213
0,02028	-2,39213
0,0203	-19,64213
0,02032	-16,14213
0,02034	-16,01713
0,02036	-23,89213
0,02038	-23,01713
0,0204	-16,26713
0,02042	-13,26713
0,02044	-9,26713
0,02046	2,35787
0,02048	-3,39213
0,0205	3,73287
0,02052	4,48287
0,02054	1,48287
0,02056	10,35787
0,02058	14,35787
0,0206	12,23287
0,02062	8,35787
0,02064	17,48287
0,02066	31,98287
0,02068	22,48287
0,0207	31,10787
0,02072	24,60787
0,02074	31,73287
0,02076	44,48287
0,02078	33,85787
0,0208	31,23287
0,02082	27,60787
0,02084	27,23287
0,02086	19,85787
0,02088	32,73287
0,0209	21,48287
0,02092	12,60787
0,02094	5,98287
0,02096	0,73287
0,02098	-3,14213
0,021	-19,89213
0,02102	-19,64213
0,02104	-5,64213
0,02106	-15,89213
0,02108	-17,64213
0,0211	-17,76713
0,02112	-20,89213
0,02114	-24,89213
0,02116	-24,51713
0,02118	-22,26713
0,0212	-19,64213
0,02122	-24,51713
0,02124	-24,89213
0,02126	-15,26713
0,02128	-16,51713
0,0213	-12,76713
0,02132	-11,01713
0,02134	3,73287
0,02136	4,23287
0,02138	1,73287
0,0214	-10,64213
0,02142	-18,51713
0,02144	-9,26713
0,02146	-3,76713
0,02148	-2,51713
0,0215	2,35787
0,02152	-1,76713
0,02154	-5,14213
0,02156	-7,01713
0,02158	-1,26713
0,0216	-0,64213
0,02162	2,98287
0,02164	1,48287
0,02166	6,10787
0,02168	4,48287
0,0217	-6,26713
0,02172	-4,01713
0,02174	-5,64213
0,02176	6,35787
0,02178	7,73287
0,0218	11,10787
0,02182	7,73287
0,02184	3,85787
0,02186	4,98287
0,02188	7,98287
0,0219	7,48287
0,02192	14,73287
0,02194	25,23287
0,02196	24,85787
0,02198	25,73287
0,022	30,35787
0,02202	19,60787
0,02204	16,23287
0,02206	8,98287
0,02208	16,10787
0,0221	20,98287
0,02212	12,10787
0,02214	13,23287
0,02216	11,35787
0,02218	11,23287
0,0222	-2,14213
0,02222	-10,51713
0,02224	-14,64213
0,02226	-8,39213
0,02228	-11,14213
0,0223	-24,64213
0,02232	-25,01713
0,02234	-23,76713
0,02236	-18,26713
0,02238	-17,01713
0,0224	-9,89213
0,02242	-10,14213
0,02244	-14,01713
0,02246	-18,39213
0,02248	-9,89213
0,0225	-9,26713
0,02252	-5,64213
0,02254	0,60787
0,02256	0,98287
0,02258	10,60787
0,02261	11,85787
0,02263	15,10787
0,02265	15,85787
0,02267	15,60787
0,02269	13,98287
0,02271	14,48287
0,02273	13,98287
0,02275	16,48287
0,02277	13,73287
0,02279	15,48287
0,02281	23,60787
0,02283	19,60787
0,02285	9,73287
0,02287	13,73287
0,02289	15,85787
0,02291	10,48287
0,02293	7,98287
0,02295	5,10787
0,02297	-4,39213
0,02299	-0,76713
0,02301	-4,76713
0,02303	-5,39213
0,02305	0,35787
0,02307	4,60787
0,02309	8,85787
0,02311	14,98287
0,02313	7,23287
0,02315	13,35787
0,02317	11,60787
0,02319	10,35787
0,02321	4,98287
0,02323	3,60787
0,02325	13,23287
0,02327	0,10787
0,02329	-9,14213
0,02331	-7,51713
0,02333	3,35787
0,02335	-2,51713
0,02337	-1,76713
0,02339	-3,14213
0,02341	2,85787
0,02343	-6,26713
0,02345	-7,14213
0,02347	1,35787
0,02349	-3,01713
0,02351	-1,39213
0,02353	12,48287
0,02355	14,35787
0,02357	13,35787
0,02359	12,98287
0,02361	14,23287
0,02363	19,48287
0,02365	17,35787
0,02367	21,48287
0,02369	22,48287
0,02371	26,48287
0,02373	29,23287
0,02375	43,48287
0,02377	36,23287
0,02379	41,60787
0,02381	38,35787
0,02383	27,10787
0,02385	20,23287
0,02387	6,73287
0,02389	2,73287
0,02391	10,35787
0,02393	8,60787
0,02395	14,23287
0,02397	4,23287
0,02399	3,73287
0,02401	9,73287
0,02403	9,60787
0,02405	12,23287
0,02407	13,23287
0,02409	5,10787
0,02411	-11,89213
0,02413	-12,76713
0,02415	-19,26713
0,02417	-15,14213
0,02419	-26,14213
0,02421	-18,26713
0,02423	-20,89213
0,02425	-21,89213
0,02427	-24,39213
0,02429	-19,64213
0,02431	-8,89213
0,02433	-7,76713
0,02435	-18,01713
0,02437	-22,14213
0,02439	-20,76713
0,02441	-26,01713
0,02443	-31,51713
0,02445	-21,26713
0,02447	-12,76713
0,02449	-11,14213
0,02451	-15,26713
0,02453	-11,01713
0,02455	-4,39213
0,02457	-4,89213
0,02459	-0,14213
0,02461	-3,39213
0,02463	4,73287
0,02465	1,23287
0,02467	-3,51713
0,02469	-15,39213
0,02471	-5,89213
0,02473	-13,14213
0,02475	-20,76713
0,02477	-6,89213
0,02479	-17,64213
0,02481	-16,89213
0,02483	-14,39213
0,02485	-9,01713
0,02487	-9,89213
0,02489	-20,26713
0,02491	-20,89213
0,02493	-17,51713
0,02495	-17,76713
0,02497	-24,14213
0,02499	-30,39213
0,02501	-14,89213
0,02503	-15,14213
0,02505	-13,01713
0,02507	-15,89213
0,02509	-13,64213
0,02511	-4,14213
0,02513	0,98287
0,02515	5,98287
0,02517	-3,01713
0,02519	-5,76713
0,02521	-9,39213
0,02523	-6,26713
0,02525	-6,76713
0,02527	0,35787
0,02529	-10,64213
0,02531	-13,51713
0,02533	-19,39213
0,02535	-22,14213
0,02537	-26,01713
0,02539	-27,14213
0,02541	-29,89213
0,02543	-32,89213
0,02545	-22,39213
0,02547	-32,51713
0,02549	-30,01713
0,02551	-36,64213
0,02553	-32,39213
0,02555	-27,64213
0,02557	-37,51713
0,02559	-39,89213
0,02561	-51,64213
0,02563	-45,14213
0,02565	-41,64213
0,02567	-33,14213
0,02569	-29,39213
0,02571	-17,01713
0,02573	-10,14213
0,02575	-10,14213
0,02577	-7,26713
0,02579	-10,39213
0,02581	-8,01713
0,02583	-1,39213
0,02585	-7,26713
0,02587	1,10787
0,02589	1,98287
0,02591	20,10787
0,02593	26,10787
0,02595	26,10787
0,02597	35,23287
0,02599	34,60787
0,02601	27,10787
0,02603	30,98287
0,02605	30,48287
0,02607	32,73287
0,02609	24,73287
0,02611	24,85787
0,02613	22,60787
0,02615	24,60787
0,02617	22,60787
0,02619	20,23287
0,02621	17,60787
0,02623	20,10787
0,02625	16,23287
0,02627	9,48287
0,02629	10,23287
0,02631	-1,76713
0,02633	6,48287
0,02635	7,23287
0,02637	8,98287
0,02639	-2,64213
0,02641	-0,64213
0,02643	2,48287
0,02645	3,60787
0,02647	-3,64213
0,02649	-12,26713
0,02651	-7,01713
0,02653	2,60787
0,02655	9,10787
0,02657	9,23287
0,02659	7,10787
0,02661	7,10787
0,02663	9,48287
0,02665	16,10787
0,02667	6,35787
0,02669	1,98287
0,02671	1,98287
0,02673	3,98287
0,02675	9,60787
0,02677	6,98287
0,02679	5,73287
0,02681	2,35787
0,02683	2,48287
0,02685	1,73287
0,02687	-0,01713
0,02689	-5,51713
0,02691	-11,76713
0,02693	-17,26713
0,02695	-24,76713
0,02697	-25,01713
0,02699	-22,51713
0,02701	-27,26713
0,02703	-28,64213
0,02705	-32,26713
0,02707	-26,64213
0,02709	-29,39213
0,02711	-34,01713
0,02713	-23,89213
0,02715	-22,14213
0,02717	-27,01713
0,02719	-18,39213
0,02721	-17,26713
0,02723	-13,01713
0,02725	-12,39213
0,02727	-5,76713
0,02729	-4,14213
0,02731	6,85787
0,02733	6,98287
0,02735	12,35787
0,02737	15,60787
0,02739	19,60787
0,02741	12,73287
0,02743	18,98287
0,02745	17,48287
0,02747	22,98287
0,02749	21,35787
0,02751	14,48287
0,02753	14,35787
0,02755	13,35787
0,02757	10,48287
0,02759	4,98287
0,02761	6,23287
0,02763	5,73287
0,02765	-6,39213
0,02767	-0,01713
0,02769	-1,14213
0,02771	1,73287
0,02773	2,60787
0,02775	0,35787
0,02777	-1,51713
0,02779	2,85787
0,02781	-5,89213
0,02783	1,10787
0,02785	7,35787
0,02787	-0,14213
0,02789	2,23287
0,02791	5,73287
0,02793	2,85787
0,02795	7,10787
0,02797	6,48287
0,02799	9,73287
0,02801	14,10787
0,02803	12,60787
0,02805	6,35787
0,02807	0,48287
0,02809	-1,64213
0,02811	-0,76713
0,02813	-4,26713
0,02815	-2,64213
0,02817	-3,14213
0,02819	-8,64213
0,02821	-4,01713
0,02823	-17,64213
0,02825	-13,01713
0,02827	-3,89213
0,02829	-0,64213
0,02831	-12,14213
0,02833	-7,51713
0,02835	-5,14213
0,02837	-11,26713
0,02839	-11,39213
0,02841	-0,89213
0,02843	-0,39213
0,02845	2,48287
0,02847	1,23287
0,02849	-0,39213
0,02851	-4,51713
0,02853	-6,76713
0,02855	-7,51713
0,02857	-2,01713
0,02859	4,35787
0,02861	-3,14213
0,02863	-1,51713
0,02865	5,23287
0,02867	-3,14213
0,02869	-3,01713
0,02871	2,23287
0,02873	1,98287
0,02875	-4,76713
0,02877	-6,39213
0,02879	-9,26713
0,02881	3,10787
0,02883	3,35787
0,02885	6,48287
0,02887	18,85787
0,02889	8,35787
0,02891	14,23287
0,02893	2,73287
0,02895	-3,89213
0,02897	3,35787
0,02899	2,48287
0,02901	3,85787
0,02903	1,60787
0,02905	1,23287
0,02907	4,85787
0,02909	7,35787
0,02911	8,98287
0,02913	11,98287
0,02915	-3,39213
0,02917	-13,14213
0,02919	-0,01713
0,02921	-2,26713
0,02923	-1,01713
0,02925	4,48287
0,02927	11,35787
0,02929	9,48287
0,02931	5,35787
0,02933	-1,76713
0,02935	-5,01713
0,02937	-7,01713
0,02939	-5,26713
0,02941	-15,14213
0,02943	-16,64213
0,02945	-13,01713
0,02947	-17,26713
0,02949	-19,51713
0,02951	-12,14213
0,02953	-7,26713
0,02955	-16,64213
0,02957	-9,39213
0,02959	-11,01713
0,02961	-16,64213
0,02963	-10,39213
0,02965	-16,26713
0,02967	-11,14213
0,02969	0,98287
0,02971	12,73287
0,02973	14,98287
0,02975	19,10787
0,02977	6,23287
0,02979	7,85787
0,02981	10,73287
0,02983	16,98287
0,02985	5,60787
0,02987	15,10787
0,02989	15,35787
0,02991	8,60787
0,02993	5,73287
0,02995	11,73287
0,02997	15,98287
0,02999	7,60787
0,03001	2,73287
0,03003	3,60787
0,03005	-11,39213
0,03007	-10,89213
0,03009	-11,89213
0,03011	-8,39213
0,03013	-12,39213
0,03015	-15,14213
0,03017	-17,76713
0,03019	-20,89213
0,03021	-12,51713
0,03023	-25,01713
0,03025	-18,64213
0,03027	-24,89213
0,03029	-18,39213
0,03031	-23,76713
0,03033	-13,14213
0,03035	-14,76713
0,03037	-10,01713
0,03039	-3,64213
0,03041	-0,14213
0,03043	7,85787
0,03045	-0,14213
0,03047	-3,39213
0,03049	5,35787
0,03051	14,60787
0,03053	22,73287
0,03055	18,23287
0,03057	12,23287
0,03059	8,35787
0,03061	7,48287
0,03063	10,10787
0,03065	9,10787
0,03067	10,73287
0,03069	1,98287
0,03071	0,85787
0,03073	-3,64213
0,03075	6,35787
0,03077	6,10787
0,03079	4,35787
0,03081	11,35787
0,03083	12,48287
0,03085	15,98287
0,03087	18,60787
0,03089	3,35787
0,03091	2,98287
0,03093	8,48287
0,03095	7,98287
0,03097	5,73287
0,03099	-2,51713
0,03101	-0,64213
0,03103	1,10787
0,03105	4,10787
0,03107	-2,26713
0,03109	-0,14213
0,03111	-2,51713
0,03113	-16,51713
0,03115	-23,51713
0,03117	-21,51713
0,03119	-25,39213
0,03121	-23,14213
0,03123	-25,26713
0,03125	-19,51713
0,03127	-18,26713
0,03129	-16,14213
0,03131	-11,01713
0,03133	-7,01713
0,03135	-1,51713
0,03137	-5,01713
0,03139	1,10787
0,03141	1,60787
0,03143	-9,14213
0,03145	-0,51713
0,03147	4,23287
0,03149	6,73287
0,03151	6,35787
0,03153	7,48287
0,03155	11,73287
0,03157	16,98287
0,03159	12,73287
0,03161	15,10787
0,03163	11,35787
0,03165	4,98287
0,03167	4,10787
0,03169	-5,76713
0,03171	-7,64213
0,03173	-9,51713
0,03175	-1,39213
0,03177	-2,89213
0,03179	-8,39213
0,03181	-14,01713
0,03183	-15,26713
0,03185	-13,89213
0,03187	-8,89213
0,03189	-15,39213
0,03191	-18,26713
0,03193	-14,64213
0,03195	-12,01713
0,03197	-18,26713
0,03199	-13,89213
0,03201	-10,14213
0,03203	-14,89213
0,03205	-8,51713
0,03207	-1,76713
0,03209	-2,39213
0,03211	-13,76713
0,03213	-18,89213
0,03215	-19,26713
0,03217	-15,89213
0,03219	-15,89213
0,03221	-25,76713
0,03223	-18,76713
0,03225	-20,14213
0,03227	-23,26713
0,03229	-24,39213
0,03231	-28,89213
0,03233	-27,39213
0,03235	-23,76713
0,03237	-29,01713
0,03239	-24,01713
0,03241	-22,39213
0,03243	-25,39213
0,03245	-24,64213
0,03247	-31,14213
0,03249	-33,51713
0,03251	-24,26713
0,03253	-18,01713
0,03255	-19,51713
0,03257	-18,01713
0,03259	-20,01713
0,03261	-27,64213
0,03263	-24,51713
0,03265	-21,01713
0,03267	-9,64213
0,03269	-7,64213
0,03271	-4,51713
0,03273	4,60787
0,03275	12,98287
0,03277	16,10787
0,03279	12,98287
0,03281	17,60787
0,03283	27,98287
0,03285	27,23287
0,03287	32,98287
0,03289	29,35787
0,03291	29,73287
0,03293	32,48287
0,03295	32,85787
0,03297	31,60787
0,03299	31,73287
0,03301	18,85787
0,03303	13,60787
0,03305	9,98287
0,03307	6,10787
0,03309	-1,64213
0,03311	-8,39213
0,03313	2,48287
0,03315	0,23287
0,03317	7,73287
0,03319	-3,39213
0,03321	-10,39213
0,03323	-13,76713
0,03325	-14,89213
0,03327	-5,39213
0,03329	1,23287
0,03331	-6,39213
0,03333	2,60787
0,03335	5,85787
0,03337	13,73287
0,03339	8,73287
0,03341	7,73287
0,03343	9,23287
0,03345	8,35787
0,03347	6,73287
0,03349	3,60787
0,03351	2,73287
0,03353	2,10787
0,03355	8,23287
0,03357	15,48287
0,03359	14,73287
0,03361	19,35787
0,03363	2,98287
0,03365	-0,51713
0,03367	-0,76713
0,03369	-2,51713
0,03371	-6,51713
0,03373	-6,51713
0,03375	-0,51713
0,03377	1,48287
0,03379	1,48287
0,03381	12,73287
0,03383	13,60787
0,03385	9,23287
0,03387	7,98287
0,03389	4,10787
0,03391	-8,76713
0,03393	-5,01713
0,03395	-5,26713
0,03397	-9,14213
0,03399	-9,39213
0,03401	-2,64213
0,03403	-0,64213
0,03405	0,73287
0,03407	-10,51713
0,03409	-9,76713
0,03411	-12,89213
0,03413	-10,64213
0,03415	-18,01713
0,03417	-9,14213
0,03419	-6,89213
0,03421	-7,89213
0,03423	-7,89213
0,03425	-8,64213
0,03427	5,48287
0,03429	8,10787
0,03431	14,35787
0,03433	8,98287
0,03435	10,73287
0,03437	3,35787
0,03439	11,48287
0,03441	8,73287
0,03443	8,73287
0,03445	18,60787
0,03447	18,23287
0,03449	16,10787
0,03451	13,60787
0,03453	9,85787
0,03455	12,10787
0,03457	7,85787
0,03459	8,23287
0,03461	-0,51713
0,03463	-5,64213
0,03465	-9,39213
0,03467	-9,76713
0,03469	-3,26713
0,03471	5,98287
0,03473	5,60787
0,03475	8,85787
0,03477	9,60787
0,03479	4,10787
0,03481	8,48287
0,03483	6,10787
0,03485	6,85787
0,03487	12,73287
0,03489	14,48287
0,03491	13,73287
0,03493	13,60787
0,03495	13,85787
0,03497	22,98287
0,03499	26,98287
0,03501	34,23287
0,03503	30,48287
0,03505	23,60787
0,03507	27,23287
0,03509	26,73287
0,03511	21,48287
0,03513	26,73287
0,03515	22,48287
0,03517	11,48287
0,03519	0,35787
0,03521	-3,26713
0,03523	-4,76713
0,03525	7,98287
0,03527	4,10787
0,03529	6,10787
0,03531	-1,39213
0,03533	-11,51713
0,03535	-1,89213
0,03537	-4,76713
0,03539	-0,89213
0,03541	-5,76713
0,03543	-12,26713
0,03545	-6,01713
0,03547	-8,14213
0,03549	-18,51713
0,03551	-21,51713
0,03553	-20,26713
0,03555	-9,89213
0,03557	-14,14213
0,03559	-12,76713
0,03561	-18,39213
0,03563	-22,14213
0,03565	-21,64213
0,03567	-13,76713
0,03569	-0,01713
0,03571	-8,14213
0,03573	-5,76713
0,03575	-5,39213
0,03577	5,48287
0,03579	4,73287
0,03581	15,73287
0,03583	9,98287
0,03585	13,35787
0,03587	26,23287
0,03589	29,60787
0,03591	30,60787
0,03593	29,60787
0,03595	22,23287
0,03597	20,23287
0,03599	19,35787
0,03601	11,60787
0,03603	11,48287
0,03605	5,60787
0,03607	3,60787
0,03609	-2,64213
0,03611	-1,39213
0,03613	1,48287
0,03615	-9,51713
0,03617	-3,51713
0,03619	1,73287
0,03621	5,60787
0,03623	-0,76713
0,03625	-5,14213
0,03627	-2,51713
0,03629	8,60787
0,03631	13,73287
0,03633	24,85787
0,03635	14,85787
0,03637	27,85787
0,03639	32,10787
0,03641	34,35787
0,03643	40,10787
0,03645	48,98287
0,03647	48,85787
0,03649	43,35787
0,03651	50,23287
0,03653	51,98287
0,03655	40,10787
0,03657	35,73287
0,03659	38,98287
0,03661	42,10787
0,03663	27,60787
0,03665	19,10787
0,03667	12,98287
0,03669	7,35787
0,03671	7,73287
0,03673	-8,64213
0,03675	-5,26713
0,03677	-9,89213
0,03679	-10,14213
0,03681	-13,51713
0,03683	-13,64213
0,03685	-18,64213
0,03687	-20,64213
0,03689	-23,51713
0,03691	-19,39213
0,03693	-21,26713
0,03695	-20,51713
0,03697	-24,64213
0,03699	-15,64213
0,03701	-3,89213
0,03703	-1,26713
0,03705	1,23287
0,03707	3,10787
0,03709	-1,01713
0,03711	1,60787
0,03713	7,10787
0,03715	-8,76713
0,03717	-16,64213
0,03719	-9,39213
0,03721	-12,39213
0,03723	-2,01713
0,03725	-1,39213
0,03727	-5,39213
0,03729	-5,89213
0,03731	-6,76713
0,03733	-6,14213
0,03735	-7,39213
0,03737	-16,51713
0,03739	-12,89213
0,03741	-16,26713
0,03743	-12,51713
0,03745	-19,89213
0,03747	-25,64213
0,03749	-17,76713
0,03751	-5,39213
0,03753	2,73287
0,03755	0,60787
0,03757	-4,01713
0,03759	-5,26713
0,03761	-10,51713
0,03763	-7,39213
0,03765	-8,89213
0,03767	-6,76713
0,03769	-6,26713
0,03771	-3,64213
0,03773	1,10787
0,03775	-3,89213
0,03777	-2,64213
0,03779	-3,64213
0,03781	6,73287
0,03783	3,23287
0,03785	-1,51713
0,03787	-0,14213
0,03789	-1,64213
0,03791	1,48287
0,03793	-0,51713
0,03795	7,48287
0,03797	2,85787
0,03799	5,85787
0,03801	4,35787
0,03803	1,35787
0,03805	0,10787
0,03807	3,35787
0,03809	10,60787
0,03811	16,48287
0,03813	12,23287
0,03815	18,60787
0,03817	25,10787
0,03819	31,23287
0,03821	21,73287
0,03823	14,10787
0,03825	19,23287
0,03827	17,23287
0,03829	9,98287
0,03831	3,98287
0,03833	-0,51713
0,03835	-3,89213
0,03837	-1,64213
0,03839	-5,64213
0,03841	-4,14213
0,03843	-4,39213
0,03845	-10,64213
0,03847	-19,14213
0,03849	-21,39213
0,03851	-28,14213
0,03853	-27,89213
0,03855	-27,76713
0,03857	-26,01713
0,03859	-31,26713
0,03861	-42,39213
0,03863	-35,14213
0,03865	-21,39213
0,03867	-15,51713
0,03869	-13,14213
0,03871	-9,51713
0,03873	-10,64213
0,03875	-11,01713
0,03877	-13,64213
0,03879	-7,76713
0,03881	-5,14213
0,03883	-12,89213
0,03885	-12,39213
0,03887	-3,14213
0,03889	-5,01713
0,03891	-5,64213
0,03893	-2,89213
0,03895	1,73287
0,03897	6,73287
0,03899	1,60787
0,03901	1,73287
0,03903	-1,39213
0,03905	1,98287
0,03907	8,23287
0,03909	12,35787
0,03911	19,60787
0,03913	24,48287
0,03915	28,10787
0,03917	23,85787
0,03919	30,10787
0,03921	23,10787
0,03923	18,98287
0,03925	14,85787
0,03927	10,73287
0,03929	21,35787
0,03931	17,73287
0,03933	8,98287
0,03935	15,48287
0,03937	19,60787
0,03939	9,48287
0,03941	5,10787
0,03943	-5,76713
0,03945	-12,14213
0,03947	-8,76713
0,03949	-8,39213
0,03951	-4,64213
0,03953	-8,01713
0,03955	-3,26713
0,03957	0,85787
0,03959	8,10787
0,03961	10,23287
0,03963	4,10787
0,03965	3,35787
0,03967	0,35787
0,03969	-0,14213
0,03971	-4,01713
0,03973	-3,26713
0,03975	-9,26713
0,03977	-5,26713
0,03979	-4,39213
0,03981	-5,51713
0,03983	-18,39213
0,03985	-18,64213
0,03987	-16,51713
0,03989	-15,89213
0,03991	-14,14213
0,03993	-21,76713
0,03995	-30,01713
0,03997	-33,76713
0,03999	-33,64213
0,04001	-29,01713
0,04003	-29,14213
0,04005	-28,26713
0,04007	-17,14213
0,04009	-20,26713
0,04011	-17,39213
0,04013	-17,26713
0,04015	-27,01713
0,04017	-19,64213
0,04019	-8,14213
0,04021	-17,01713
0,04023	-16,14213
0,04025	-22,64213
0,04027	-19,89213
0,04029	-19,76713
0,04031	-12,14213
0,04033	-12,76713
0,04035	-10,51713
0,04037	-3,89213
0,04039	-7,76713
0,04041	-12,51713
0,04043	-20,39213
0,04045	-15,01713
0,04047	-18,64213
0,04049	-8,76713
0,04051	-8,89213
0,04053	-5,14213
0,04055	1,23287
0,04057	0,35787
0,04059	-3,26713
0,04061	-6,64213
0,04063	-3,89213
0,04065	-6,01713
0,04067	-9,51713
0,04069	-17,01713
0,04071	-18,64213
0,04073	-25,39213
0,04075	-36,01713
0,04077	-32,76713
0,04079	-28,01713
0,04081	-32,64213
0,04083	-30,64213
0,04085	-25,89213
0,04087	-30,64213
0,04089	-33,89213
0,04091	-30,51713
0,04093	-25,64213
0,04095	-32,76713
0,04097	-30,01713
0,04099	-41,14213
0,04101	-38,89213
0,04103	-31,64213
0,04105	-38,89213
0,04107	-38,01713
0,04109	-28,01713
0,04111	-23,51713
0,04113	-23,89213
0,04115	-26,76713
0,04117	-28,01713
0,04119	-30,01713
0,04121	-36,39213
0,04123	-46,14213
0,04125	-47,64213
0,04127	-57,39213
0,04129	-52,14213
0,04131	-43,51713
0,04133	-30,51713
0,04135	-28,51713
0,04137	-28,64213
0,04139	-32,76713
0,04141	-31,76713
0,04143	-40,76713
0,04145	-43,76713
0,04147	-39,89213
0,04149	-36,51713
0,04151	-40,76713
0,04153	-40,01713
0,04155	-35,01713
0,04157	-27,64213
0,04159	-19,14213
0,04161	-16,39213
0,04163	-21,14213
0,04165	-23,89213
0,04167	-33,51713
0,04169	-26,64213
0,04171	-25,64213
0,04173	-19,26713
0,04175	-24,01713
0,04177	-20,26713
0,04179	-9,14213
0,04181	-11,14213
0,04183	-12,64213
0,04185	-9,01713
0,04187	-10,51713
0,04189	-1,51713
0,04191	0,85787
0,04193	-2,64213
0,04195	-4,01713
0,04197	2,60787
0,04199	15,23287
0,04201	6,48287
0,04203	6,60787
0,04205	3,85787
0,04207	10,73287
0,04209	7,10787
0,04211	10,98287
0,04213	15,73287
0,04215	21,60787
0,04217	17,10787
0,04219	26,23287
0,04221	16,60787
0,04223	11,10787
0,04225	8,23287
0,04227	0,85787
0,04229	7,98287
0,04231	9,73287
0,04233	10,23287
0,04235	18,48287
0,04237	9,85787
0,04239	5,73287
0,04241	10,60787
0,04243	17,23287
0,04245	7,73287
0,04247	6,23287
0,04249	1,35787
0,04251	1,60787
0,04253	-9,76713
0,04255	-5,01713
0,04257	1,48287
0,04259	-0,89213
0,04261	-1,26713
0,04263	-6,26713
0,04265	-11,01713
0,04267	-14,14213
0,04269	-25,76713
0,04271	-24,64213
0,04273	-24,64213
0,04275	-22,14213
0,04277	-23,76713
0,04279	-23,64213
0,04281	-14,14213
0,04283	-16,39213
0,04285	-16,51713
0,04287	-17,89213
0,04289	-15,39213
0,04291	-16,01713
0,04293	-15,51713
0,04295	-4,39213
0,04297	-0,76713
0,04299	6,85787
0,04301	5,10787
0,04303	14,48287
0,04305	26,35787
0,04307	36,73287
0,04309	29,35787
0,04311	36,35787
0,04313	40,10787
0,04315	31,73287
0,04317	16,98287
0,04319	17,85787
0,04321	23,98287
0,04323	17,48287
0,04325	20,73287
0,04327	18,60787
0,04329	11,73287
0,04331	6,10787
0,04333	4,35787
0,04335	10,35787
0,04337	5,98287
0,04339	3,10787
0,04341	-8,76713
0,04343	-14,26713
0,04345	-12,14213
0,04347	-19,26713
0,04349	-17,76713
0,04351	-8,76713
0,04353	-11,01713
0,04355	-8,26713
0,04357	1,98287
0,04359	5,85787
0,04361	3,73287
0,04363	5,60787
0,04365	13,23287
0,04367	19,10787
0,04369	17,73287
0,04371	12,98287
0,04373	14,23287
0,04375	14,23287
0,04377	10,10787
0,04379	7,23287
0,04381	13,23287
0,04383	13,98287
0,04385	3,10787
0,04387	1,85787
0,04389	7,73287
0,04391	12,48287
0,04393	10,60787
0,04395	6,23287
0,04397	3,60787
0,04399	0,10787
0,04401	-6,01713
0,04403	-1,89213
0,04405	-6,39213
0,04407	-4,39213
0,04409	-0,39213
0,04411	-0,14213
0,04413	-4,39213
0,04415	-11,89213
0,04417	-11,89213
0,04419	-5,76713
0,04421	-11,39213
0,04423	-22,76713
0,04425	-31,76713
0,04427	-33,39213
0,04429	-39,76713
0,04431	-39,26713
0,04433	-32,01713
0,04435	-25,76713
0,04437	-15,51713
0,04439	-9,76713
0,04441	-10,64213
0,04443	-18,14213
0,04445	-15,39213
0,04447	-12,39213
0,04449	-8,89213
0,04451	-5,01713
0,04453	-4,89213
0,04455	-8,89213
0,04457	-1,26713
0,04459	9,35787
0,04461	19,73287
0,04463	13,73287
0,04465	8,48287
0,04467	16,23287
0,04469	13,98287
0,04471	15,73287
0,04473	14,48287
0,04475	8,23287
0,04477	7,73287
0,04479	16,35787
0,04481	20,60787
0,04483	16,98287
0,04485	14,10787
0,04487	12,35787
0,04489	18,48287
0,04491	27,73287
0,04493	31,35787
0,04495	36,35787
0,04497	32,23287
0,04499	34,85787
0,04501	32,35787
0,04503	32,60787
0,04505	32,23287
0,04507	23,85787
0,04509	25,98287
0,04511	26,23287
0,04513	15,85787
0,04515	18,23287
0,04517	17,85787
0,04519	21,60787
0,04521	17,10787
0,04523	24,48287
0,04525	19,85787
0,04527	6,73287
0,04529	2,10787
0,04531	0,85787
0,04533	8,48287
0,04535	3,35787
0,04537	7,60787
0,04539	-6,89213
0,04541	-16,64213
0,04543	-17,26713
0,04545	-11,51713
0,04547	-8,76713
0,04549	-25,14213
0,04551	-26,26713
0,04553	-29,39213
0,04555	-25,26713
0,04557	-17,76713
0,04559	-25,51713
0,04561	-13,14213
0,04563	-15,26713
0,04565	-20,51713
0,04567	-21,39213
0,04569	-22,26713
0,04571	-26,64213
0,04573	-19,26713
0,04575	-13,76713
0,04577	-3,26713
0,04579	-2,76713
0,04581	1,85787
0,04583	9,10787
0,04585	17,60787
0,04587	19,35787
0,04589	10,98287
0,04591	6,35787
0,04593	10,60787
0,04595	16,73287
0,04597	16,23287
0,04599	19,60787
0,04601	23,10787
0,04603	31,98287
0,04605	38,98287
0,04607	35,10787
0,04609	41,23287
0,04611	35,73287
0,04613	22,23287
0,04615	16,10787
0,04617	13,10787
0,04619	8,98287
0,04621	9,60787
0,04623	11,35787
0,04625	11,73287
0,04627	8,85787
0,04629	8,85787
0,04631	0,60787
0,04633	-2,01713
0,04635	-8,26713
0,04637	-20,51713
0,04639	-20,89213
0,04641	-23,76713
0,04643	-24,51713
0,04645	-31,51713
0,04647	-31,01713
0,04649	-34,51713
0,04651	-26,89213
0,04653	-28,64213
0,04655	-28,14213
0,04657	-23,64213
0,04659	-20,26713
0,04661	-17,26713
0,04663	-19,26713
0,04665	-7,51713
0,04667	7,10787
0,04669	12,85787
0,04671	11,48287
0,04673	10,10787
0,04675	8,35787
0,04677	7,60787
0,04679	6,73287
0,04681	9,10787
0,04683	3,48287
0,04685	5,10787
0,04687	8,85787
0,04689	-3,26713
0,04691	-10,39213
0,04693	-7,64213
0,04695	-2,14213
0,04697	-0,14213
0,04699	-4,14213
0,04701	-12,39213
0,04703	-18,14213
0,04705	-20,64213
0,04707	-16,64213
0,04709	-14,01713
0,04711	-9,76713
0,04713	-8,39213
0,04715	-1,64213
0,04717	3,73287
0,04719	2,35787
0,04721	5,10787
0,04723	8,73287
0,04725	23,85787
0,04727	27,73287
0,04729	23,85787
0,04731	18,23287
0,04733	21,60787
0,04735	15,23287
0,04737	2,98287
0,04739	3,85787
0,04741	13,35787
0,04743	10,48287
0,04745	13,23287
0,04747	13,60787
0,04749	12,85787
0,04751	14,73287
0,04753	14,73287
0,04755	9,35787
0,04757	4,60787
0,04759	-8,14213
0,04761	-13,01713
0,04763	-1,01713
0,04765	-0,14213
0,04767	-2,39213
0,04769	-0,01713
0,04771	4,10787
0,04773	9,23287
0,04775	-7,01713
0,04777	-7,26713
0,04779	-18,01713
0,04781	-23,26713
0,04783	-23,14213
0,04785	-10,14213
0,04787	-13,89213
0,04789	-1,01713
0,04791	-4,01713
0,04793	0,98287
0,04795	1,98287
0,04797	-5,64213
0,04799	-15,26713
0,04801	-13,51713
0,04803	-13,26713
0,04805	-13,89213
0,04807	-3,14213
0,04809	7,98287
0,04811	16,23287
0,04813	7,60787
0,04815	6,35787
0,04817	2,10787
0,04819	-3,14213
0,04821	-8,14213
0,04823	-11,39213
0,04825	-9,64213
0,04827	-8,01713
0,04829	3,10787
0,04831	-0,39213
0,04833	-0,76713
0,04835	7,23287
0,04837	2,35787
0,04839	3,48287
0,04841	5,98287
0,04843	-2,26713
0,04845	-1,64213
0,04847	-3,89213
0,04849	0,85787
0,04851	15,60787
0,04853	15,85787
0,04855	16,73287
0,04857	21,10787
0,04859	22,98287
0,04861	19,35787
0,04863	18,60787
0,04865	20,85787
0,04867	25,23287
0,04869	18,48287
0,04871	14,35787
0,04873	11,60787
0,04875	3,10787
0,04877	3,48287
0,04879	-5,39213
0,04881	-12,51713
0,04883	-0,76713
0,04885	-11,01713
0,04887	-8,39213
0,04889	-9,39213
0,04891	-14,51713
0,04893	-19,14213
0,04895	-14,64213
0,04897	-12,64213
0,04899	-14,51713
0,04901	-15,51713
0,04903	-8,51713
0,04905	-4,51713
0,04907	-2,01713
0,04909	6,35787
0,04911	9,35787
0,04913	11,23287
0,04915	25,60787
0,04917	19,60787
0,04919	18,10787
0,04921	17,73287
0,04923	12,73287
0,04925	7,48287
0,04927	0,73287
0,04929	-0,64213
0,04931	-10,64213
0,04933	-19,01713
0,04935	-26,39213
0,04937	-25,51713
0,04939	-29,51713
0,04941	-29,64213
0,04943	-34,39213
0,04945	-30,39213
0,04947	-32,51713
0,04949	-33,14213
0,04951	-29,14213
0,04953	-25,14213
0,04955	-26,64213
0,04957	-20,76713
0,04959	-19,01713
0,04961	-18,01713
0,04963	-15,39213
0,04965	-11,51713
0,04967	-10,64213
0,04969	4,10787
0,04971	11,10787
0,04973	10,60787
0,04975	6,60787
0,04977	8,73287
0,04979	8,35787
0,04981	2,73287
0,04983	-3,26713
0,04985	-11,01713
0,04987	-19,01713
0,04989	-15,14213
0,04991	-20,26713
0,04993	-18,39213
0,04995	-14,39213
0,04997	-19,14213
0,04999	-13,26713
0,05001	-18,76713
0,05003	-22,39213
0,05005	-26,26713
0,05007	-28,01713
0,05009	-24,76713
0,05011	-20,14213
0,05013	-26,26713
0,05015	-30,14213
0,05017	-25,01713
0,05019	-22,01713
0,05021	-17,51713
0,05023	-18,89213
0,05025	-15,26713
0,05027	-24,89213
0,05029	-18,39213
0,05031	-14,26713
0,05033	-20,26713
0,05035	-22,51713
0,05037	-9,89213
0,05039	-9,26713
0,05041	-11,51713
0,05043	-13,51713
0,05045	-19,26713
0,05047	-8,51713
0,05049	-5,01713
0,05051	-3,01713
0,05053	-2,89213
0,05055	-11,14213
0,05057	-13,76713
0,05059	-16,51713
0,05061	-14,14213
0,05063	-9,89213
0,05065	-20,26713
0,05067	-23,14213
0,05069	-22,89213
0,05071	-25,89213
0,05073	-38,64213
0,05075	-42,39213
0,05077	-47,01713
0,05079	-38,76713
0,05081	-43,39213
0,05083	-42,26713
0,05085	-42,76713
0,05087	-41,64213
0,05089	-34,01713
0,05091	-35,14213
0,05093	-35,26713
0,05095	-39,39213
0,05097	-35,64213
0,05099	-33,76713
0,05101	-29,26713
0,05103	-30,26713
0,05105	-27,39213
0,05107	-21,39213
0,05109	-23,89213
0,05111	-18,39213
0,05113	-10,76713
0,05115	-9,39213
0,05117	0,60787
0,05119	1,48287
0,05121	-6,14213
0,05123	-12,26713
0,05125	-4,51713
0,05127	-4,89213
0,05129	-7,01713
0,05131	-1,26713
0,05133	-2,51713
0,05135	5,85787
0,05137	2,10787
0,05139	-4,26713
0,05141	-5,76713
0,05143	-8,26713
0,05145	-7,39213
0,05147	-6,76713
0,05149	-1,39213
0,05151	0,10787
0,05153	-10,14213
0,05155	-5,14213
0,05157	11,23287
0,05159	15,35787
0,05161	6,35787
0,05163	9,10787
0,05165	7,85787
0,05167	4,35787
0,05169	1,48287
0,05171	0,23287
0,05173	2,85787
0,05175	13,85787
0,05177	21,10787
0,05179	25,73287
0,05181	32,23287
0,05183	37,10787
0,05185	39,48287
0,05187	32,48287
0,05189	33,60787
0,05191	29,23287
0,05193	15,10787
0,05195	21,35787
0,05197	10,85787
0,05199	11,73287
0,05201	10,48287
0,05203	5,85787
0,05205	7,98287
0,05207	12,48287
0,05209	12,23287
0,05211	11,23287
0,05213	7,10787
0,05215	-1,64213
0,05217	-7,76713
0,05219	-8,39213
0,05221	-13,64213
0,05223	-11,64213
0,05225	-5,89213
0,05227	0,35787
0,05229	-7,26713
0,05231	-8,76713
0,05233	-3,89213
0,05235	-1,64213
0,05237	1,98287
0,05239	3,85787
0,05241	-0,01713
0,05243	0,98287
0,05245	-1,51713
0,05247	0,60787
0,05249	-4,51713
0,05251	-7,76713
0,05253	-9,01713
0,05255	-6,51713
0,05257	-9,39213
0,05259	-14,89213
0,05261	-17,39213
0,05263	-19,01713
0,05265	-20,39213
0,05267	-16,01713
0,05269	-13,76713
0,05271	-11,26713
0,05273	-12,64213
0,05275	-14,01713
0,05277	3,23287
0,05279	-0,89213
0,05281	-5,26713
0,05283	-0,64213
0,05285	5,98287
0,05287	14,85787
0,05289	17,10787
0,05291	23,23287
0,05293	22,48287
0,05295	22,60787
0,05297	15,10787
0,05299	16,35787
0,05301	24,48287
0,05303	23,85787
0,05305	12,23287
0,05307	12,10787
0,05309	12,10787
0,05311	1,98287
0,05313	3,73287
0,05315	3,10787
0,05317	-2,51713
0,05319	2,23287
0,05321	3,85787
0,05323	-2,26713
0,05325	-7,64213
0,05327	-6,26713
0,05329	-4,76713
0,05331	2,60787
0,05333	6,35787
0,05335	2,35787
0,05337	3,23287
0,05339	0,60787
0,05341	4,85787
0,05343	-0,26713
0,05345	4,85787
0,05347	-1,51713
0,05349	0,98287
0,05351	-4,01713
0,05353	-7,01713
0,05355	-9,89213
0,05357	-15,39213
0,05359	-13,64213
0,05361	-10,01713
0,05363	-17,51713
0,05365	-19,51713
0,05367	-21,64213
0,05369	-17,01713
0,05371	-7,89213
0,05373	-2,64213
0,05375	-7,01713
0,05377	6,60787
0,05379	-3,01713
0,05381	0,35787
0,05383	7,60787
0,05385	5,73287
0,05387	5,35787
0,05389	14,73287
0,05391	16,23287
0,05393	13,85787
0,05395	13,48287
0,05397	16,60787
0,05399	18,73287
0,05401	19,73287
0,05403	20,85787
0,05405	17,48287
0,05407	6,48287
0,05409	5,85787
0,05411	-5,01713
0,05413	-5,64213
0,05415	-10,39213
0,05417	-10,14213
0,05419	-7,01713
0,05421	-14,64213
0,05423	-18,01713
0,05425	-20,89213
0,05427	-24,26713
0,05429	-28,26713
0,05431	-23,01713
0,05433	-17,39213
0,05435	-13,39213
0,05437	-8,14213
0,05439	2,35787
0,05441	5,73287
0,05443	11,60787
0,05445	-0,64213
0,05447	2,10787
0,05449	4,48287
0,05451	1,98287
0,05453	2,10787
0,05455	6,23287
0,05457	6,73287
0,05459	14,35787
0,05461	19,23287
0,05463	23,98287
0,05465	28,10787
0,05467	26,10787
0,05469	23,60787
0,05471	15,23287
0,05473	13,10787
0,05475	4,60787
0,05477	-1,76713
0,05479	3,60787
0,05481	-1,76713
0,05483	16,73287
0,05485	19,35787
0,05487	17,73287
0,05489	21,48287
0,05491	31,60787
0,05493	32,85787
0,05495	37,85787
0,05497	22,73287
0,05499	21,73287
0,05501	26,23287
0,05503	25,10787
0,05505	23,23287
0,05507	17,35787
0,05509	19,85787
0,05511	26,98287
0,05513	29,60787
0,05515	16,98287
0,05517	16,85787
0,05519	17,73287
0,05521	14,98287
0,05523	9,10787
0,05525	4,73287
0,05527	-0,51713
0,05529	-4,14213
0,05531	-0,64213
0,05533	-1,14213
0,05535	-2,89213
0,05537	-3,51713
0,05539	5,85787
0,05541	12,23287
0,05543	17,73287
0,05545	19,35787
0,05547	25,35787
0,05549	28,10787
0,05551	24,10787
0,05553	19,85787
0,05555	21,73287
0,05557	29,48287
0,05559	40,60787
0,05561	37,23287
0,05563	32,73287
0,05565	25,60787
0,05567	27,48287
0,05569	20,60787
0,05571	17,60787
0,05573	14,35787
0,05575	7,73287
0,05577	14,10787
0,05579	20,98287
0,05581	14,60787
0,05583	14,10787
0,05585	25,48287
0,05587	26,23287
0,05589	28,23287
0,05591	16,85787
0,05593	7,73287
0,05595	10,23287
0,05597	17,48287
0,05599	19,85787
0,05601	30,10787
0,05603	29,10787
0,05605	37,60787
0,05607	43,60787
0,05609	47,98287
0,05611	52,48287
0,05613	41,10787
0,05615	38,10787
0,05617	34,10787
0,05619	29,10787
0,05621	24,10787
0,05623	21,23287
0,05625	28,23287
0,05627	30,98287
0,05629	29,73287
0,05631	32,48287
0,05633	25,35787
0,05635	27,60787
0,05637	21,10787
0,05639	16,23287
0,05641	15,98287
0,05643	2,98287
0,05645	3,48287
0,05647	-3,64213
0,05649	-7,26713
0,05651	-2,14213
0,05653	-15,39213
0,05655	-2,76713
0,05657	-4,01713
0,05659	-5,51713
0,05661	-7,26713
0,05663	-2,39213
0,05665	-6,76713
0,05667	-11,01713
0,05669	-17,64213
0,05671	-17,14213
0,05673	-8,39213
0,05675	-7,01713
0,05677	1,10787
0,05679	6,73287
0,05681	5,23287
0,05683	4,73287
0,05685	7,73287
0,05687	9,73287
0,05689	3,35787
0,05691	-2,89213
0,05693	-5,89213
0,05695	-10,01713
0,05697	-11,26713
0,05699	-9,76713
0,05701	-11,39213
0,05703	-4,26713
0,05705	2,60787
0,05707	-5,51713
0,05709	-14,64213
0,05711	-19,14213
0,05713	-18,76713
0,05715	-23,89213
0,05717	-28,64213
0,05719	-16,01713
0,05721	-14,01713
0,05723	-6,51713
0,05725	-2,89213
0,05727	-0,26713
0,05729	-3,51713
0,05731	-0,76713
0,05733	-7,51713
0,05735	1,85787
0,05737	0,73287
0,05739	-0,14213
0,05741	1,10787
0,05743	4,98287
0,05745	-0,01713
0,05747	12,35787
0,05749	11,85787
0,05751	15,98287
0,05753	7,60787
0,05755	5,98287
0,05757	13,23287
0,05759	22,10787
0,05761	30,35787
0,05763	23,10787
0,05765	22,60787
0,05767	22,60787
0,05769	18,73287
0,05771	18,23287
0,05773	18,48287
0,05775	16,85787
0,05777	13,10787
0,05779	12,10787
0,05781	10,35787
0,05783	5,60787
0,05785	6,35787
0,05787	9,73287
0,05789	13,10787
0,05791	-0,01713
0,05793	-3,26713
0,05795	-15,01713
0,05797	-20,14213
0,05799	-20,39213
0,05801	-11,89213
0,05803	-1,14213
0,05805	-5,39213
0,05807	-6,14213
0,05809	-7,39213
0,05811	-12,89213
0,05813	-23,76713
0,05815	-22,89213
0,05817	-20,39213
0,05819	-22,14213
0,05821	-22,39213
0,05823	-19,64213
0,05825	-18,26713
0,05827	-15,39213
0,05829	-7,51713
0,05831	-1,39213
0,05833	1,48287
0,05835	0,10787
0,05837	-6,64213
0,05839	-7,64213
0,05841	-2,01713
0,05843	0,35787
0,05845	1,60787
0,05847	9,23287
0,05849	6,10787
0,05851	6,73287
0,05853	-0,76713
0,05855	-5,89213
0,05857	-16,89213
0,05859	-20,26713
0,05861	-11,89213
0,05863	-11,39213
0,05865	-21,51713
0,05867	-27,14213
0,05869	-33,89213
0,05871	-22,89213
0,05873	-27,64213
0,05875	-28,01713
0,05877	-27,39213
0,05879	-21,01713
0,05881	-21,01713
0,05883	-23,51713
0,05885	-22,14213
0,05887	-25,76713
0,05889	-23,89213
0,05891	-23,01713
0,05893	-21,76713
0,05895	-32,14213
0,05897	-39,01713
0,05899	-32,26713
0,05901	-30,39213
0,05903	-29,89213
0,05905	-44,14213
0,05907	-46,89213
0,05909	-41,76713
0,05911	-45,64213
0,05913	-48,39213
0,05915	-52,76713
0,05917	-54,14213
0,05919	-54,64213
0,05921	-52,26713
0,05923	-50,01713
0,05925	-41,26713
0,05927	-40,14213
0,05929	-32,39213
0,05931	-19,14213
0,05933	-19,51713
0,05935	-22,01713
0,05937	-22,39213
0,05939	-20,26713
0,05941	-17,26713
0,05943	-25,01713
0,05945	-25,26713
0,05947	-26,76713
0,05949	-16,76713
0,05951	-18,89213
0,05953	-11,14213
0,05955	-13,39213
0,05957	-9,76713
0,05959	-3,01713
0,05961	-10,26713
0,05963	-10,39213
0,05965	-23,14213
0,05967	-20,01713
0,05969	-21,14213
0,05971	-18,39213
0,05973	-13,64213
0,05975	-7,26713
0,05977	-0,14213
0,05979	0,23287
0,05981	-1,64213
0,05983	1,98287
0,05985	2,60787
0,05987	4,10787
0,05989	1,23287
0,05991	3,60787
0,05993	-6,26713
0,05995	-2,26713
0,05997	-0,64213
0,05999	3,60787
0,06001	14,85787
0,06003	15,35787
0,06005	9,10787
0,06007	7,23287
0,06009	0,23287
0,06011	-7,64213
0,06013	-10,64213
0,06015	-8,89213
0,06017	-3,26713
0,06019	5,10787
0,06021	-1,26713
0,06023	-6,51713
0,06025	-7,76713
0,06027	-7,76713
0,06029	-10,89213
0,06031	-16,64213
0,06033	-26,14213
0,06035	-31,39213
0,06037	-36,51713
0,06039	-32,26713
0,06041	-34,01713
0,06043	-40,39213
0,06045	-42,39213
0,06047	-33,64213
0,06049	-34,64213
0,06051	-39,39213
0,06053	-49,89213
0,06055	-50,01713
0,06057	-47,26713
0,06059	-47,39213
0,06061	-54,39213
0,06063	-60,89213
0,06065	-51,64213
0,06067	-57,76713
0,06069	-54,89213
0,06071	-43,76713
0,06073	-36,14213
0,06075	-33,89213
0,06077	-24,89213
0,06079	-26,39213
0,06081	-38,39213
0,06083	-50,39213
0,06085	-42,39213
0,06087	-43,76713
0,06089	-37,01713
0,06091	-35,64213
0,06093	-42,76713
0,06095	-36,64213
0,06097	-30,76713
0,06099	-22,51713
0,06101	-18,14213
0,06103	-16,51713
0,06105	-17,51713
0,06107	-21,76713
0,06109	-20,64213
0,06111	-11,76713
0,06113	-12,64213
0,06115	-12,26713
0,06117	-1,01713
0,06119	4,98287
0,06121	6,98287
0,06123	8,85787
0,06125	18,23287
0,06127	17,48287
0,06129	17,10787
0,06131	14,60787
0,06133	13,98287
0,06135	4,98287
0,06137	3,23287
0,06139	1,98287
0,06141	1,48287
0,06143	0,85787
0,06145	-3,14213
0,06147	-5,76713
0,06149	-4,76713
0,06151	-2,76713
0,06153	-2,01713
0,06155	-4,14213
0,06157	-15,01713
0,06159	-19,39213
0,06161	-13,76713
0,06163	-12,39213
0,06165	-11,89213
0,06167	-16,26713
0,06169	-1,39213
0,06171	1,48287
0,06173	8,23287
0,06175	3,73287
0,06177	0,48287
0,06179	-10,26713
0,06181	-17,14213
0,06183	-12,26713
0,06185	-3,76713
0,06187	4,60787
0,06189	-1,14213
0,06191	4,23287
0,06193	9,98287
0,06195	6,98287
0,06197	-2,26713
0,06199	-9,39213
0,06201	-4,26713
0,06203	-1,76713
0,06205	-10,14213
0,06207	-12,01713
0,06209	-14,64213
0,06211	-17,76713
0,06213	6,35787
0,06215	15,48287
0,06217	16,98287
0,06219	16,98287
0,06221	5,10787
0,06223	-2,89213
0,06225	-9,76713
0,06227	-15,89213
0,06229	-9,76713
0,06231	-9,01713
0,06233	-20,26713
0,06235	-19,51713
0,06237	-20,51713
0,06239	-17,64213
0,06241	-15,76713
0,06243	-10,26713
0,06245	-8,51713
0,06247	-13,01713
0,06249	-19,51713
0,06251	-21,51713
0,06253	-24,39213
0,06255	-22,01713
0,06257	-19,51713
0,06259	-15,14213
0,06261	-5,64213
0,06263	-6,14213
0,06265	-10,26713
0,06267	1,85787
0,06269	11,23287
0,06271	14,60787
0,06273	11,10787
0,06275	7,10787
0,06277	9,23287
0,06279	10,73287
0,06281	18,10787
0,06283	20,60787
0,06285	22,48287
0,06287	27,23287
0,06289	34,10787
0,06291	37,10787
0,06293	38,60787
0,06295	40,35787
0,06297	45,48287
0,06299	44,85787
0,06301	46,98287
0,06303	45,10787
0,06305	31,23287
0,06307	42,60787
0,06309	44,10787
0,06311	51,85787
0,06313	53,35787
0,06315	56,98287
0,06317	56,23287
0,06319	62,35787
0,06321	62,85787
0,06323	46,60787
0,06325	41,73287
0,06327	32,23287
0,06329	30,23287
0,06331	25,60787
0,06333	24,23287
0,06335	22,10787
0,06337	22,60787
0,06339	31,98287
0,06341	28,23287
0,06343	24,10787
0,06345	16,73287
0,06347	12,98287
0,06349	10,98287
0,06351	5,48287
0,06353	1,60787
0,06355	10,85787
0,06357	16,35787
0,06359	18,35787
0,06361	22,48287
0,06363	23,85787
0,06365	24,85787
0,06367	26,35787
0,06369	27,35787
0,06371	35,48287
0,06373	33,85787
0,06375	33,35787
0,06377	30,85787
0,06379	37,73287
0,06381	32,73287
0,06383	34,35787
0,06385	32,98287
0,06387	31,48287
0,06389	21,73287
0,06391	14,85787
0,06393	20,48287
0,06395	13,60787
0,06397	18,73287
0,06399	7,98287
0,06401	-0,01713
0,06403	-1,39213
0,06405	-8,64213
0,06407	-8,76713
0,06409	-10,76713
0,06411	-10,76713
0,06413	-16,14213
0,06415	-19,51713
0,06417	-26,14213
0,06419	-28,14213
0,06421	-30,76713
0,06423	-23,51713
0,06425	-14,51713
0,06427	-14,14213
0,06429	-18,51713
0,06431	-14,89213
0,06433	-20,64213
0,06435	-11,51713
0,06437	-4,51713
0,06439	-12,26713
0,06441	-14,39213
0,06443	-11,64213
0,06445	-8,01713
0,06447	-13,76713
0,06449	-13,26713
0,06451	-9,26713
0,06453	-6,89213
0,06455	-7,76713
0,06457	-7,89213
0,06459	-17,01713
0,06461	-15,01713
0,06463	-20,51713
0,06465	-19,39213
0,06467	-17,89213
0,06469	-19,64213
0,06471	-34,14213
0,06473	-32,64213
0,06475	-31,64213
0,06477	-27,14213
0,06479	-31,14213
0,06481	-31,01713
0,06483	-37,51713
0,06485	-32,26713
0,06487	-30,64213
0,06489	-29,14213
0,06491	-18,64213
0,06493	-9,64213
0,06495	-5,14213
0,06497	-2,51713
0,06499	0,23287
0,06501	-0,26713
0,06503	7,23287
0,06505	14,35787
0,06507	16,85787
0,06509	16,48287
0,06511	17,98287
0,06513	20,73287
0,06515	19,48287
0,06517	23,23287
0,06519	28,48287
0,06521	22,23287
0,06523	22,23287
0,06525	18,85787
0,06527	15,73287
0,06529	10,35787
0,06531	13,10787
0,06533	14,35787
0,06535	2,48287
0,06537	-2,39213
0,06539	-10,76713
0,06541	-17,14213
0,06543	-18,51713
0,06545	-14,64213
0,06547	-17,76713
0,06549	-18,14213
0,06551	-6,01713
0,06553	-14,64213
0,06555	-15,26713
0,06557	-9,01713
0,06559	-11,51713
0,06561	-12,01713
0,06563	-2,89213
0,06565	-8,51713
0,06567	-9,14213
0,06569	0,73287
0,06571	3,73287
0,06573	16,85787
0,06575	3,48287
0,06577	7,60787
0,06579	6,73287
0,06581	9,98287
0,06583	15,60787
0,06585	16,98287
0,06587	23,85787
0,06589	28,60787
0,06591	32,48287
0,06593	26,35787
0,06595	19,35787
0,06597	19,10787
0,06599	11,48287
0,06601	8,73287
0,06603	9,73287
0,06605	5,60787
0,06607	9,23287
0,06609	6,98287
0,06611	14,85787
0,06613	11,98287
0,06615	18,10787
0,06617	16,10787
0,06619	13,10787
0,06621	14,10787
0,06623	10,98287
0,06625	19,48287
0,06627	22,98287
0,06629	20,23287
0,06631	26,35787
0,06633	28,10787
0,06635	28,60787
0,06637	27,10787
0,06639	26,10787
0,06641	23,35787
0,06643	28,48287
0,06645	14,85787
0,06647	12,48287
0,06649	9,10787
0,06651	2,60787
0,06653	11,60787
0,06655	12,35787
0,06657	7,35787
0,06659	-7,14213
0,06661	-8,39213
0,06663	-4,39213
0,06665	4,48287
0,06667	2,60787
0,06669	-1,64213
0,06671	-2,14213
0,06673	0,48287
0,06675	-2,89213
0,06677	-5,89213
0,06679	-8,64213
0,06681	-0,01713
0,06683	-4,51713
0,06685	-7,64213
0,06687	-8,51713
0,06689	-13,64213
0,06691	-23,51713
0,06693	-13,51713
0,06695	-17,89213
0,06697	-30,39213
0,06699	-34,89213
0,06701	-40,26713
0,06703	-36,51713
0,06705	-27,26713
0,06707	-22,14213
0,06709	-24,51713
0,06711	-18,89213
0,06713	-17,01713
0,06715	-10,14213
0,06717	-15,76713
0,06719	-5,89213
0,06721	0,35787
0,06723	-6,26713
0,06725	-7,14213
0,06727	1,73287
0,06729	4,35787
0,06731	-0,51713
0,06733	6,98287
0,06735	17,10787
0,06737	3,60787
0,06739	7,23287
0,06741	-3,39213
0,06743	10,23287
0,06745	12,98287
0,06747	4,85787
0,06749	11,60787
0,06751	8,10787
0,06753	14,60787
0,06755	11,35787
0,06757	7,73287
0,06759	17,73287
0,06761	10,85787
0,06763	17,85787
0,06765	17,35787
0,06767	14,73287
0,06769	2,23287
0,06771	-0,76713
0,06773	-5,01713
0,06775	-10,64213
0,06777	-14,26713
0,06779	-12,89213
0,06782	-9,01713
0,06784	-11,26713
0,06786	-11,14213
0,06788	-0,51713
0,0679	-9,89213
0,06792	-12,14213
0,06794	-14,76713
0,06796	-6,14213
0,06798	-8,64213
0,068	-4,01713
0,06802	-9,01713
0,06804	7,35787
0,06806	21,48287
0,06808	18,35787
0,0681	18,35787
0,06812	24,48287
0,06814	21,85787
0,06816	16,98287
0,06818	22,48287
0,0682	21,48287
0,06822	15,85787
0,06824	14,98287
0,06826	12,35787
0,06828	10,35787
0,0683	7,85787
0,06832	11,35787
0,06834	7,10787
0,06836	1,98287
0,06838	8,23287
0,0684	2,35787
0,06842	2,48287
0,06844	8,73287
0,06846	8,10787
0,06848	13,60787
0,0685	9,98287
0,06852	14,85787
0,06854	9,60787
0,06856	15,98287
0,06858	18,85787
0,0686	18,98287
0,06862	15,85787
0,06864	20,73287
0,06866	20,73287
0,06868	12,98287
0,0687	20,85787
0,06872	21,73287
0,06874	13,10787
0,06876	4,10787
0,06878	0,85787
0,0688	-9,14213
0,06882	-6,26713
0,06884	-8,14213
0,06886	-8,26713
0,06888	-1,51713
0,0689	-9,76713
0,06892	-4,14213
0,06894	-11,01713
0,06896	-12,39213
0,06898	-12,51713
0,069	-12,89213
0,06902	-12,26713
0,06904	-11,01713
0,06906	-19,76713
0,06908	-19,01713
0,0691	-21,14213
0,06912	-18,01713
0,06914	-3,26713
0,06916	-7,51713
0,06918	-3,64213
0,0692	-2,14213
0,06922	-2,89213
0,06924	-1,76713
0,06926	-7,76713
0,06928	-16,76713
0,0693	-13,39213
0,06932	-3,39213
0,06934	-1,26713
0,06936	-0,39213
0,06938	-0,51713
0,0694	-2,89213
0,06942	-1,89213
0,06944	-2,76713
0,06946	-2,89213
0,06948	3,48287
0,0695	-4,51713
0,06952	1,48287
0,06954	0,23287
0,06956	7,23287
0,06958	2,10787
0,0696	6,48287
0,06962	2,23287
0,06964	-3,14213
0,06966	-6,76713
0,06968	-13,01713
0,0697	-14,76713
0,06972	-14,26713
0,06974	-8,89213
0,06976	1,98287
0,06978	0,23287
0,0698	-8,51713
0,06982	-12,64213
0,06984	-7,89213
0,06986	-16,89213
0,06988	-23,76713
0,0699	-23,01713
0,06992	-22,39213
0,06994	-13,51713
0,06996	-7,76713
0,06998	-5,89213
0,07	4,23287
0,07002	-2,14213
0,07004	3,10787
0,07006	6,85787
0,07008	13,60787
0,0701	10,48287
0,07012	2,35787
0,07014	1,60787
0,07016	8,73287
0,07018	4,60787
0,0702	0,60787
0,07022	2,48287
0,07024	1,48287
0,07026	3,48287
0,07028	0,35787
0,0703	-5,51713
0,07032	0,23287
0,07034	4,73287
0,07036	1,10787
0,07038	-3,14213
0,0704	-8,14213
0,07042	-23,26713
0,07044	-18,89213
0,07046	-13,26713
0,07048	-12,76713
0,0705	-14,76713
0,07052	-13,01713
0,07054	-13,01713
0,07056	-13,51713
0,07058	-8,64213
0,0706	-14,14213
0,07062	-12,01713
0,07064	-8,01713
0,07066	-7,64213
0,07068	-12,89213
0,0707	-10,64213
0,07072	-13,39213
0,07074	-11,39213
0,07076	-6,76713
0,07078	-7,89213
0,0708	-17,51713
0,07082	-18,89213
0,07084	-20,89213
0,07086	-18,76713
0,07088	-21,51713
0,0709	-16,14213
0,07092	-19,51713
0,07094	-5,26713
0,07096	-8,64213
0,07098	-13,39213
0,071	-7,14213
0,07102	-8,26713
0,07104	-3,76713
0,07106	-6,01713
0,07108	-3,01713
0,0711	-8,39213
0,07112	-3,01713
0,07114	0,10787
0,07116	13,35787
0,07118	21,10787
0,0712	24,10787
0,07122	30,98287
0,07124	25,85787
0,07126	29,85787
0,07128	21,85787
0,0713	24,23287
0,07132	40,10787
0,07134	38,73287
0,07136	29,85787
0,07138	29,23287
0,0714	31,85787
0,07142	35,85787
0,07144	35,73287
0,07146	37,73287
0,07148	43,60787
0,0715	34,73287
0,07152	26,60787
0,07154	20,98287
0,07156	17,73287
0,07158	17,98287
0,0716	10,60787
0,07162	11,73287
0,07164	5,98287
0,07166	-2,76713
0,07168	-3,01713
0,0717	-4,14213
0,07172	3,35787
0,07174	11,85787
0,07176	-1,76713
0,07178	-3,64213
0,0718	-0,76713
0,07182	0,35787
0,07184	3,98287
0,07186	8,23287
0,07188	6,23287
0,0719	16,85787
0,07192	15,60787
0,07194	16,73287
0,07196	21,10787
0,07198	13,98287
0,072	16,60787
0,07202	14,98287
0,07204	6,73287
0,07206	0,23287
0,07208	1,48287
0,0721	-2,39213
0,07212	-0,89213
0,07214	3,85787
0,07216	7,23287
0,07218	3,85787
0,0722	-1,51713
0,07222	-0,01713
0,07224	1,48287
0,07226	-13,39213
0,07228	-10,39213
0,0723	-9,89213
0,07232	-8,39213
0,07234	3,98287
0,07236	-2,26713
0,07238	-7,01713
0,0724	1,85787
0,07242	4,73287
0,07244	3,23287
0,07246	2,23287
0,07248	7,10787
0,0725	3,23287
0,07252	4,85787
0,07254	1,60787
0,07256	-0,01713
0,07258	-2,26713
0,0726	-6,01713
0,07262	-4,26713
0,07264	-1,89213
0,07266	-2,89213
0,07268	-5,01713
0,0727	3,85787
0,07272	6,60787
0,07274	19,98287
0,07276	11,35787
0,07278	10,48287
0,0728	12,10787
0,07282	12,23287
0,07284	6,23287
0,07286	-5,39213
0,07288	-6,64213
0,0729	-1,89213
0,07292	3,10787
0,07294	4,85787
0,07296	5,10787
0,07298	11,10787
0,073	-1,89213
0,07302	-0,14213
0,07304	-11,64213
0,07306	-14,39213
0,07308	-13,51713
0,0731	-13,51713
0,07312	-3,51713
0,07314	1,10787
0,07316	-7,26713
0,07318	-7,39213
0,0732	-5,26713
0,07322	1,85787
0,07324	3,73287
0,07326	6,60787
0,07328	6,73287
0,0733	5,73287
0,07332	0,73287
0,07334	-0,89213
0,07336	3,48287
0,07338	4,10787
0,0734	18,10787
0,07342	17,60787
0,07344	21,85787
0,07346	20,98287
0,07348	11,48287
0,0735	22,73287
0,07352	20,98287
0,07354	16,35787
0,07356	16,98287
0,07358	17,35787
0,0736	26,73287
0,07362	27,60787
0,07364	18,85787
0,07366	26,23287
0,07368	26,60787
0,0737	27,10787
0,07372	21,60787
0,07374	16,85787
0,07376	19,23287
0,07378	16,23287
0,0738	14,60787
0,07382	17,98287
0,07384	12,10787
0,07386	8,85787
0,07388	-1,01713
0,0739	-11,51713
0,07392	-15,01713
0,07394	-26,76713
0,07396	-36,51713
0,07398	-35,39213
0,074	-33,76713
0,07402	-26,14213
0,07404	-18,51713
0,07406	-19,39213
0,07408	-12,14213
0,0741	-14,01713
0,07412	-19,76713
0,07414	-27,51713
0,07416	-33,26713
0,07418	-34,14213
0,0742	-15,39213
0,07422	-9,39213
0,07424	1,85787
0,07426	8,23287
0,07428	7,85787
0,0743	10,85787
0,07432	11,98287
0,07434	24,48287
0,07436	22,35787
0,07438	17,10787
0,0744	11,60787
0,07442	8,48287
0,07444	3,98287
0,07446	8,35787
0,07448	11,73287
0,0745	12,85787
0,07452	18,98287
0,07454	9,48287
0,07456	7,73287
0,07458	12,48287
0,0746	14,10787
0,07462	8,10787
0,07464	6,35787
0,07466	4,85787
0,07468	3,23287
0,0747	-2,14213
0,07472	-4,01713
0,07474	6,73287
0,07476	5,60787
0,07478	12,85787
0,0748	7,98287
0,07482	13,98287
0,07484	17,60787
0,07486	23,73287
0,07488	22,98287
0,0749	30,98287
0,07492	25,73287
0,07494	31,10787
0,07496	22,10787
0,07498	26,23287
0,075	36,48287
0,07502	44,48287
0,07504	39,10787
0,07506	39,85787
0,07508	36,73287
0,0751	36,35787
0,07512	25,48287
0,07514	20,98287
0,07516	7,98287
0,07518	7,73287
0,0752	1,98287
0,07522	11,10787
0,07524	1,35787
0,07526	9,23287
0,07528	0,10787
0,0753	-0,89213
0,07532	0,10787
0,07534	-7,64213
0,07536	-20,26713
0,07538	-17,39213
0,0754	-17,14213
0,07542	-19,26713
0,07544	-20,89213
0,07546	-18,89213
0,07548	-17,89213
0,0755	-12,39213
0,07552	-8,01713
0,07554	-15,26713
0,07556	-20,39213
0,07558	-23,64213
0,0756	-30,89213
0,07562	-25,89213
0,07564	-22,89213
0,07566	-32,64213
0,07568	-32,26713
0,0757	-21,39213
0,07572	-23,01713
0,07574	-23,26713
0,07576	-12,14213
0,07578	-16,64213
0,0758	-13,26713
0,07582	-8,01713
0,07584	-12,26713
0,07586	-14,89213
0,07588	-11,14213
0,0759	-9,01713
0,07592	-2,26713
0,07594	-5,64213
0,07596	2,60787
0,07598	-5,76713
0,076	3,85787
0,07602	2,85787
0,07604	8,48287
0,07606	0,23287
0,07608	4,98287
0,0761	8,73287
0,07612	8,48287
0,07614	13,23287
0,07616	6,85787
0,07618	8,10787
0,0762	4,60787
0,07622	6,98287
0,07624	11,73287
0,07626	15,98287
0,07628	11,23287
0,0763	1,35787
0,07632	0,98287
0,07634	-5,51713
0,07636	-11,89213
0,07638	-23,64213
0,0764	-17,89213
0,07642	-9,39213
0,07644	-0,26713
0,07646	-8,76713
0,07648	-6,14213
0,0765	-5,14213
0,07652	-6,01713
0,07654	-12,01713
0,07656	-15,39213
0,07658	-26,14213
0,0766	-24,14213
0,07662	-27,51713
0,07664	-22,51713
0,07666	-14,26713
0,07668	-2,64213
0,0767	2,60787
0,07672	-5,64213
0,07674	-6,39213
0,07676	-13,14213
0,07678	-16,89213
0,0768	-15,64213
0,07682	-12,64213
0,07684	-0,39213
0,07686	0,73287
0,07688	7,73287
0,0769	4,73287
0,07692	-0,51713
0,07694	7,73287
0,07696	16,35787
0,07698	15,35787
0,077	18,10787
0,07702	16,85787
0,07704	11,10787
0,07706	13,35787
0,07708	15,23287
0,0771	23,35787
0,07712	16,35787
0,07714	18,35787
0,07716	22,48287
0,07718	25,48287
0,0772	16,98287
0,07722	13,10787
0,07724	5,48287
0,07726	1,60787
0,07728	13,10787
0,0773	14,23287
0,07732	10,98287
0,07734	6,85787
0,07736	-0,01713
0,07738	5,60787
0,0774	10,98287
0,07742	11,35787
0,07744	6,23287
0,07746	1,23287
0,07748	1,10787
0,0775	-1,51713
0,07752	-9,14213
0,07754	-9,14213
0,07756	-11,14213
0,07758	-10,14213
0,0776	-8,64213
0,07762	-9,51713
0,07764	-10,14213
0,07766	-7,51713
0,07768	-7,39213
0,0777	0,98287
0,07772	-1,26713
0,07774	-2,76713
0,07776	-3,76713
0,07778	-13,76713
0,0778	-25,39213
0,07782	-20,51713
0,07784	-19,01713
0,07786	-9,26713
0,07788	-17,51713
0,0779	-11,39213
0,07792	-0,14213
0,07794	-6,14213
0,07796	-3,51713
0,07798	0,85787
0,078	-3,51713
0,07802	-0,76713
0,07804	-6,01713
0,07806	3,48287
0,07808	5,23287
0,0781	-1,76713
0,07812	5,73287
0,07814	6,85787
0,07816	12,85787
0,07818	16,10787
0,0782	13,98287
0,07822	9,85787
0,07824	4,60787
0,07826	2,85787
0,07828	3,35787
0,0783	3,98287
0,07832	3,23287
0,07834	0,73287
0,07836	0,35787
0,07838	1,48287
0,0784	-4,51713
0,07842	-11,01713
0,07844	-11,89213
0,07846	-20,51713
0,07848	-17,89213
0,0785	-19,51713
0,07852	-24,26713
0,07854	-26,64213
0,07856	-30,39213
0,07858	-32,39213
0,0786	-30,64213
0,07862	-28,51713
0,07864	-31,26713
0,07866	-33,51713
0,07868	-33,39213
0,0787	-32,76713
0,07872	-33,01713
0,07874	-29,26713
0,07876	-27,01713
0,07878	-24,51713
0,0788	-14,51713
0,07882	-13,89213
0,07884	-8,89213
0,07886	-5,01713
0,07888	-5,76713
0,0789	3,73287
0,07892	4,98287
0,07894	0,10787
0,07896	12,73287
0,07898	20,10787
0,079	22,60787
0,07902	30,73287
0,07904	32,10787
0,07906	32,23287
0,07908	38,48287
0,0791	25,98287
0,07912	28,73287
0,07914	27,73287
0,07916	27,85787
0,07918	28,23287
0,0792	30,73287
0,07922	33,85787
0,07924	38,35787
0,07926	31,98287
0,07928	39,60787
0,0793	39,48287
0,07932	38,23287
0,07934	34,73287
0,07936	38,35787
0,07938	27,85787
0,0794	33,85787
0,07942	29,48287
0,07944	29,73287
0,07946	38,35787
0,07948	37,48287
0,0795	38,98287
0,07952	31,85787
0,07954	21,98287
0,07956	13,10787
0,07958	3,23287
0,0796	-3,64213
0,07962	5,48287
0,07964	7,73287
0,07966	0,23287
0,07968	-4,51713
0,0797	-3,64213
0,07972	-5,26713
0,07974	-0,51713
0,07976	-4,39213
0,07978	-6,76713
0,0798	-10,14213
0,07982	-11,01713
0,07984	-14,26713
0,07986	-0,26713
0,07988	2,10787
0,0799	3,23287
0,07992	8,85787
0,07994	7,35787
0,07996	4,98287
0,07998	-3,76713
0,08	-0,76713
0,08002	8,85787
0,08004	18,23287
0,08006	7,60787
0,08008	2,35787
0,0801	2,48287
0,08012	-4,14213
0,08014	1,48287
0,08016	-5,51713
0,08018	-6,64213
0,0802	-1,64213
0,08022	-12,51713
0,08024	-11,89213
0,08026	-19,01713
0,08028	-22,39213
0,0803	-21,39213
0,08032	-14,01713
0,08034	-15,89213
0,08036	-17,64213
0,08038	-23,26713
0,0804	-27,26713
0,08042	-21,51713
0,08044	-19,89213
0,08046	-19,89213
0,08048	-14,64213
0,0805	-10,76713
0,08052	-6,89213
0,08054	-17,01713
0,08056	-11,14213
0,08058	-14,39213
0,0806	-9,26713
0,08062	1,35787
0,08064	-3,01713
0,08066	-3,64213
0,08068	4,85787
0,0807	5,73287
0,08072	1,98287
0,08074	10,23287
0,08076	16,23287
0,08078	15,98287
0,0808	13,10787
0,08082	12,10787
0,08084	3,23287
0,08086	6,10787
0,08088	6,10787
0,0809	13,10787
0,08092	11,73287
0,08094	6,10787
0,08096	2,10787
0,08098	-1,76713
0,081	-5,89213
0,08102	-12,01713
0,08104	-16,26713
0,08106	-18,14213
0,08108	-20,51713
0,0811	-15,64213
0,08112	-16,76713
0,08114	-18,51713
0,08116	-20,01713
0,08118	-28,01713
0,0812	-20,89213
0,08122	-27,64213
0,08124	-25,14213
0,08126	-17,64213
0,08128	-18,39213
0,0813	-13,01713
0,08132	-4,89213
0,08134	-6,51713
0,08136	-2,26713
0,08138	5,35787
0,0814	4,48287
0,08142	4,98287
0,08144	9,85787
0,08146	9,10787
0,08148	4,10787
0,0815	-0,14213
0,08152	-3,14213
0,08154	-0,51713
0,08156	5,48287
0,08158	6,23287
0,0816	4,10787
0,08162	2,48287
0,08164	2,35787
0,08166	-7,76713
0,08168	-1,39213
0,0817	-4,26713
0,08172	-13,64213
0,08174	-16,51713
0,08176	-20,51713
0,08178	-22,39213
0,0818	-29,76713
0,08182	-34,64213
0,08184	-22,64213
0,08186	-35,76713
0,08188	-35,26713
0,0819	-31,76713
0,08192	-37,14213
0,08194	-45,89213
0,08196	-44,89213
0,08198	-38,76713
0,082	-33,39213
0,08202	-29,89213
0,08204	-34,39213
0,08206	-24,51713
0,08208	-12,89213
0,0821	-9,26713
0,08212	-4,76713
0,08214	-11,26713
0,08216	3,85787
0,08218	-1,01713
0,0822	-1,01713
0,08222	2,85787
0,08224	3,35787
0,08226	4,23287
0,08228	4,48287
0,0823	3,98287
0,08232	1,85787
0,08234	0,60787
0,08236	-9,26713
0,08238	-12,76713
0,0824	-7,64213
0,08242	-12,14213
0,08244	-10,14213
0,08246	-13,76713
0,08248	-24,89213
0,0825	-19,39213
0,08252	-21,26713
0,08254	-26,76713
0,08256	-32,89213
0,08258	-31,51713
0,0826	-20,89213
0,08262	-22,51713
0,08264	-22,89213
0,08266	-18,14213
0,08268	-19,89213
0,0827	-12,51713
0,08272	-17,89213
0,08274	-12,14213
0,08276	-20,76713
0,08278	-13,01713
0,0828	-6,14213
0,08282	5,48287
0,08284	13,48287
0,08286	22,10787
0,08288	11,23287
0,0829	18,35787
0,08292	16,35787
0,08294	3,60787
0,08296	-5,64213
0,08298	0,23287
0,083	4,98287
0,08302	10,60787
0,08304	16,98287
0,08306	16,10787
0,08308	16,35787
0,0831	20,73287
0,08312	14,60787
0,08314	4,98287
0,08316	6,73287
0,08318	-0,39213
0,0832	-4,01713
0,08322	-14,14213
0,08324	-12,89213
0,08326	-3,64213
0,08328	-0,01713
0,0833	0,98287
0,08332	1,85787
0,08334	4,48287
0,08336	7,48287
0,08338	6,60787
0,0834	-0,64213
0,08342	-0,76713
0,08344	-11,64213
0,08346	-18,26713
0,08348	-9,01713
0,0835	-0,51713
0,08352	10,60787
0,08354	2,23287
0,08356	4,10787
0,08358	15,73287
0,0836	12,60787
0,08362	3,60787
0,08364	-8,26713
0,08366	-3,39213
0,08368	-3,39213
0,0837	-6,39213
0,08372	-0,26713
0,08374	9,23287
0,08376	7,98287
0,08378	14,85787
0,0838	18,10787
0,08382	14,23287
0,08384	6,73287
0,08386	2,10787
0,08388	3,10787
0,0839	10,85787
0,08392	-0,39213
0,08394	-10,01713
0,08396	1,48287
0,08398	-0,26713
0,084	7,35787
0,08402	6,98287
0,08404	3,23287
0,08406	1,60787
0,08408	-3,39213
0,0841	-6,89213
0,08412	-3,89213
0,08414	-6,51713
0,08416	-1,89213
0,08418	7,23287
0,0842	5,85787
0,08422	-3,26713
0,08424	-6,64213
0,08426	-9,39213
0,08428	1,35787
0,0843	-1,64213
0,08432	-13,01713
0,08434	-11,51713
0,08436	-13,76713
0,08438	-12,76713
0,0844	-4,76713
0,08442	-1,89213
0,08444	-5,39213
0,08446	0,85787
0,08448	-13,01713
0,0845	-11,39213
0,08452	-15,51713
0,08454	-18,01713
0,08456	-18,76713
0,08458	-9,39213
0,0846	-10,64213
0,08462	-15,51713
0,08464	-10,51713
0,08466	-10,89213
0,08468	-17,14213
0,0847	-11,14213
0,08472	-3,39213
0,08474	-9,51713
0,08476	-8,76713
0,08478	2,48287
0,0848	2,10787
0,08482	2,10787
0,08484	8,23287
0,08486	-0,51713
0,08488	-1,14213
0,0849	0,10787
0,08492	4,35787
0,08494	0,48287
0,08496	6,98287
0,08498	5,60787
0,085	1,60787
0,08502	9,85787
0,08504	1,85787
0,08506	2,23287
0,08508	0,35787
0,0851	6,73287
0,08512	-2,01713
0,08514	-9,51713
0,08516	-16,26713
0,08518	-19,39213
0,0852	-26,51713
0,08522	-17,76713
0,08524	-19,76713
0,08526	-24,89213
0,08528	-23,26713
0,0853	-15,76713
0,08532	-15,64213
0,08534	-8,64213
0,08536	-6,26713
0,08538	-5,64213
0,0854	-7,51713
0,08542	-10,76713
0,08544	-20,14213
0,08546	-20,89213
0,08548	-20,01713
0,0855	-17,26713
0,08552	-11,76713
0,08554	-6,14213
0,08556	1,85787
0,08558	-5,26713
0,0856	-1,01713
0,08562	-6,01713
0,08564	-8,14213
0,08566	-4,89213
0,08568	-12,76713
0,0857	-14,26713
0,08572	-7,26713
0,08574	-4,39213
0,08576	2,10787
0,08578	0,60787
0,0858	2,35787
0,08582	7,35787
0,08584	10,85787
0,08586	4,73287
0,08588	-2,51713
0,0859	-12,64213
0,08592	-19,89213
0,08594	-10,39213
0,08596	-9,01713
0,08598	-10,01713
0,086	-9,01713
0,08602	-5,76713
0,08604	-8,89213
0,08606	-12,01713
0,08608	-20,14213
0,0861	-17,89213
0,08612	-19,14213
0,08614	-17,39213
0,08616	-22,51713
0,08618	-19,64213
0,0862	-4,51713
0,08622	-12,26713
0,08624	-4,51713
0,08626	-5,64213
0,08628	-5,89213
0,0863	-11,01713
0,08632	-19,14213
0,08634	-17,76713
0,08636	-20,14213
0,08638	-24,01713
0,0864	-14,51713
0,08642	-19,76713
0,08644	-25,14213
0,08646	-24,14213
0,08648	-23,01713
0,0865	-20,39213
0,08652	-24,39213
0,08654	-16,89213
0,08656	-17,26713
0,08658	-13,76713
0,0866	-14,89213
0,08662	-17,14213
0,08664	-14,01713
0,08666	-16,51713
0,08668	-0,89213
0,0867	8,23287
0,08672	12,60787
0,08674	2,10787
0,08676	1,35787
0,08678	8,23287
0,0868	5,98287
0,08682	2,35787
0,08684	-3,39213
0,08686	-9,76713
0,08688	-12,51713
0,0869	-8,76713
0,08692	-15,89213
0,08694	-23,01713
0,08696	-24,14213
0,08698	-28,89213
0,087	-26,64213
0,08702	-26,51713
0,08704	-41,39213
0,08706	-47,01713
0,08708	-47,89213
0,0871	-46,64213
0,08712	-38,51713
0,08714	-44,64213
0,08716	-38,39213
0,08718	-31,39213
0,0872	-29,14213
0,08722	-27,89213
0,08724	-30,26713
0,08726	-28,01713
0,08728	-23,51713
0,0873	-22,14213
0,08732	-14,89213
0,08734	-15,89213
0,08736	-8,14213
0,08738	-4,39213
0,0874	-3,51713
0,08742	-2,51713
0,08744	4,35787
0,08746	0,73287
0,08748	-6,51713
0,0875	-3,51713
0,08752	-6,89213
0,08754	-5,51713
0,08756	-11,76713
0,08758	-6,51713
0,0876	4,10787
0,08762	8,23287
0,08764	10,60787
0,08766	16,35787
0,08768	10,98287
0,0877	14,35787
0,08772	-4,14213
0,08774	-5,64213
0,08776	-5,39213
0,08778	8,60787
0,0878	0,35787
0,08782	1,98287
0,08784	4,60787
0,08786	3,23287
0,08788	-9,39213
0,0879	-11,39213
0,08792	-6,01713
0,08794	-8,26713
0,08796	-3,76713
0,08798	-10,14213
0,088	-8,01713
0,08802	-14,14213
0,08804	-21,64213
0,08806	-17,76713
0,08808	-18,01713
0,0881	-13,89213
0,08812	-18,76713
0,08814	-22,89213
0,08816	-13,14213
0,08818	-13,01713
0,0882	-8,64213
0,08822	-6,51713
0,08824	5,98287
0,08826	16,73287
0,08828	15,10787
0,0883	13,23287
0,08832	11,60787
0,08834	4,73287
0,08836	9,98287
0,08838	17,98287
0,0884	18,60787
0,08842	21,73287
0,08844	25,35787
0,08846	32,60787
0,08848	34,98287
0,0885	36,10787
0,08852	38,10787
0,08854	33,98287
0,08856	22,23287
0,08858	19,10787
0,0886	13,98287
0,08862	7,85787
0,08864	10,23287
0,08866	-2,14213
0,08868	-1,76713
0,0887	-7,01713
0,08872	-9,64213
0,08874	-16,51713
0,08876	-11,01713
0,08878	-18,64213
0,0888	-26,64213
0,08882	-33,89213
0,08884	-23,01713
0,08886	-19,14213
0,08888	-23,14213
0,0889	-17,76713
0,08892	-7,89213
0,08894	-1,64213
0,08896	2,85787
0,08898	-3,89213
0,089	-1,64213
0,08902	11,98287
0,08904	21,35787
0,08906	18,73287
0,08908	15,98287
0,0891	11,23287
0,08912	10,10787
0,08914	10,98287
0,08916	16,73287
0,08918	29,60787
0,0892	26,48287
0,08922	27,35787
0,08924	23,98287
0,08926	18,48287
0,08928	14,98287
0,0893	14,10787
0,08932	13,10787
0,08934	8,35787
0,08936	13,23287
0,08938	20,23287
0,0894	13,23287
0,08942	9,98287
0,08944	13,35787
0,08946	21,23287
0,08948	28,60787
0,0895	23,85787
0,08952	15,10787
0,08954	8,73287
0,08956	4,48287
0,08958	9,35787
0,0896	12,23287
0,08962	10,73287
0,08964	13,85787
0,08966	20,73287
0,08968	12,10787
0,0897	18,98287
0,08972	15,85787
0,08974	11,85787
0,08976	5,23287
0,08978	7,23287
0,0898	-3,64213
0,08982	10,98287
0,08984	2,23287
0,08986	10,60787
0,08988	19,23287
0,0899	19,85787
0,08992	26,35787
0,08994	27,10787
0,08996	24,60787
0,08998	30,23287
0,09	23,98287
0,09002	18,10787
0,09004	8,85787
0,09006	6,85787
0,09008	15,10787
0,0901	9,48287
0,09012	8,23287
0,09014	2,10787
0,09016	0,98287
0,09018	-12,89213
0,0902	-12,51713
0,09022	-24,39213
0,09024	-20,76713
0,09026	-13,64213
0,09028	-16,89213
0,0903	-12,76713
0,09032	-20,64213
0,09034	-26,01713
0,09036	-24,39213
0,09038	-22,39213
0,0904	-26,39213
0,09042	-26,76713